<TICKER>,<DTYYYYMMDD>,<FIRST>,<HIGH>,<LOW>,<CLOSE>,<VALUE>,<VOL>,<OPENINT>,<PER>,<OPEN>,<LAST>
Ehya.Sanaye.Co.,20210921,42201.00,44301.00,42016.00,43592.00,21360438398,490009,302,D,43011.00,44301.00
Ehya.Sanaye.Co.,20210920,42800.00,43979.00,42303.00,43011.00,6976588341,162563,163,D,43246.00,43490.00
Ehya.Sanaye.Co.,20210919,42900.00,44779.00,42900.00,43246.00,10019741852,231691,213,D,44050.00,43420.00
Ehya.Sanaye.Co.,20210918,43438.00,45000.00,43110.00,44050.00,16662687317,378264,241,D,43789.00,43130.00
Ehya.Sanaye.Co.,20210915,42312.00,44650.00,42312.00,43789.00,18405440427,420325,415,D,43606.00,44499.00
Ehya.Sanaye.Co.,20210914,41384.00,43936.00,41384.00,43606.00,18125310108,415657,365,D,42657.00,43890.00
Ehya.Sanaye.Co.,20210913,42208.00,42900.00,42194.00,42657.00,6789836170,160474,184,D,43498.00,42649.00
Ehya.Sanaye.Co.,20210912,44400.00,44999.00,42914.00,43498.00,28297119554,650542,284,D,44241.00,43371.00
Ehya.Sanaye.Co.,20210911,43050.00,45000.00,42830.00,44241.00,24095067486,544631,227,D,44147.00,43323.00
Ehya.Sanaye.Co.,20210908,43800.00,44944.00,43800.00,44147.00,23072954924,522643,377,D,43648.00,44052.00
Ehya.Sanaye.Co.,20210907,44000.00,44600.00,42703.00,43648.00,12592861842,288507,281,D,44013.00,43631.00
Ehya.Sanaye.Co.,20210906,43100.00,45171.00,42542.00,44013.00,21588022619,490490,379,D,43857.00,43900.00
Ehya.Sanaye.Co.,20210905,42879.00,44400.00,41867.00,43857.00,21673895055,494200,373,D,43160.00,44305.00
Ehya.Sanaye.Co.,20210904,44130.00,45400.00,42985.00,43160.00,17191230930,398314,485,D,44314.00,43003.00
Ehya.Sanaye.Co.,20210901,42885.00,45530.00,42885.00,44314.00,8784023092,198139,240,D,44205.00,44131.00
Ehya.Sanaye.Co.,20210831,43631.00,45380.00,43622.00,44205.00,13996062297,316615,398,D,44971.00,43644.00
Ehya.Sanaye.Co.,20210830,43713.00,46000.00,43713.00,44971.00,80976830132,1800632,544,D,45063.00,44260.00
Ehya.Sanaye.Co.,20210829,45320.00,45320.00,44320.00,45063.00,26891869277,596755,613,D,44000.00,45000.00
Ehya.Sanaye.Co.,20210828,43360.00,44415.00,42792.00,44000.00,38312111802,870730,680,D,43122.00,44415.00
Ehya.Sanaye.Co.,20210825,42910.00,43331.00,41052.00,43122.00,35855454722,831482,461,D,42069.00,43320.00
Ehya.Sanaye.Co.,20210824,39810.00,42265.00,39810.00,42069.00,39658879579,942708,429,D,41034.00,42265.00
Ehya.Sanaye.Co.,20210823,42000.00,42149.00,40412.00,41034.00,28386624078,691777,391,D,41661.00,40610.00
Ehya.Sanaye.Co.,20210822,40400.00,42750.00,40400.00,41661.00,44876597131,1077178,512,D,41567.00,41000.00
Ehya.Sanaye.Co.,20210815,41000.00,41648.00,39225.00,41567.00,33519195068,806398,395,D,40435.00,41648.00
Ehya.Sanaye.Co.,20210814,40470.00,40479.00,39500.00,40435.00,101201536877,2502838,452,D,39300.00,40479.00
Ehya.Sanaye.Co.,20210811,37620.00,39864.00,37620.00,39300.00,41603643529,1058615,622,D,38703.00,39864.00
Ehya.Sanaye.Co.,20210810,39485.00,39789.00,37900.00,38703.00,26763923721,691526,428,D,38987.00,37970.00
Ehya.Sanaye.Co.,20210809,38776.00,39590.00,38776.00,38987.00,20978797124,538102,441,D,39975.00,38776.00
Ehya.Sanaye.Co.,20210808,38999.00,39000.00,38999.00,39975.00,1809242916,46392,96,D,40205.00,38999.00
Ehya.Sanaye.Co.,20210807,40051.00,41199.00,39917.00,40205.00,8188971757,204586,220,D,41151.00,39917.00
Ehya.Sanaye.Co.,20210804,40051.00,41923.00,40051.00,41151.00,25885574442,629042,301,D,41289.00,40100.00
Ehya.Sanaye.Co.,20210803,42500.00,42549.00,40174.00,41289.00,24384932872,590588,381,D,41416.00,41200.00
Ehya.Sanaye.Co.,20210802,41998.00,42040.00,40110.00,41416.00,40139213982,969178,607,D,40916.00,41400.00
Ehya.Sanaye.Co.,20210801,39942.00,40976.00,39110.00,40916.00,54830364801,1340085,353,D,39783.00,40976.00
Ehya.Sanaye.Co.,20210731,39403.00,39942.00,38002.00,39783.00,23596939428,593148,351,D,38779.00,39942.00
Ehya.Sanaye.Co.,20210728,37945.00,39403.00,37109.00,38779.00,36144219356,932060,643,D,38256.00,39403.00
Ehya.Sanaye.Co.,20210727,37951.00,38050.00,37947.00,38256.00,7058691307,185980,177,D,39120.00,37947.00
Ehya.Sanaye.Co.,20210726,40991.00,40991.00,38651.00,39120.00,10972862106,280490,320,D,39846.00,38651.00
Ehya.Sanaye.Co.,20210719,37800.00,39948.00,37800.00,39846.00,12890004736,323496,212,D,38785.00,39948.00
Ehya.Sanaye.Co.,20210718,40260.00,40260.00,38487.00,38785.00,21166992419,545747,512,D,39677.00,38799.00
Ehya.Sanaye.Co.,20210717,40930.00,40930.00,39293.00,39677.00,18019026577,454140,521,D,40508.00,40260.00
Ehya.Sanaye.Co.,20210714,40080.00,41200.00,39961.00,40508.00,17388538475,429263,546,D,41193.00,41193.00
Ehya.Sanaye.Co.,20210713,41920.00,42000.00,40798.00,41193.00,12917732761,313589,394,D,42059.00,41520.00
Ehya.Sanaye.Co.,20210712,42460.00,42460.00,41560.00,42059.00,15819979959,376139,486,D,41238.00,41920.00
Ehya.Sanaye.Co.,20210711,40700.00,41344.00,40060.00,41238.00,21809786773,528872,467,D,40140.00,41344.00
Ehya.Sanaye.Co.,20210710,40731.00,40919.00,39742.00,40140.00,18263677778,455005,533,D,40971.00,40740.00
Ehya.Sanaye.Co.,20210707,40680.00,41800.00,40680.00,40971.00,12532877359,305896,437,D,41597.00,40731.00
Ehya.Sanaye.Co.,20210706,41101.00,42868.00,40375.00,41597.00,28313493692,680656,726,D,41621.00,41919.00
Ehya.Sanaye.Co.,20210705,40420.00,42911.00,40413.00,41621.00,54828690262,1317335,859,D,41662.00,42368.00
Ehya.Sanaye.Co.,20210704,43140.00,43200.00,40703.00,41662.00,31169065461,748139,451,D,41961.00,40703.00
Ehya.Sanaye.Co.,20210703,42021.00,42021.00,41480.00,41961.00,29082470039,693081,596,D,40798.00,42021.00
Ehya.Sanaye.Co.,20210629,40255.00,42743.00,40255.00,40798.00,167099574358,4095795,1950,D,41499.00,40927.00
Ehya.Sanaye.Co.,20210628,41499.00,41499.00,41499.00,41499.00,9380599956,226044,51,D,42782.00,41499.00
Ehya.Sanaye.Co.,20210627,42179.00,42179.00,42179.00,42782.00,6907570472,163768,23,D,44398.00,42179.00
Ehya.Sanaye.Co.,20210626,43141.00,43141.00,43141.00,44398.00,559711334,12974,13,D,44475.00,43141.00
Ehya.Sanaye.Co.,20210623,43421.00,43421.00,43421.00,44475.00,1940267385,44685,12,D,44763.00,43421.00
Ehya.Sanaye.Co.,20210622,43510.00,43510.00,43510.00,44763.00,617798490,14199,19,D,44855.00,43510.00
Ehya.Sanaye.Co.,20210621,44551.00,44551.00,44551.00,44855.00,8076962647,181297,39,D,46895.00,44551.00
Ehya.Sanaye.Co.,20210620,46212.00,46212.00,46212.00,46895.00,5026710300,108775,23,D,47641.00,46212.00
Ehya.Sanaye.Co.,20210619,46554.00,46554.00,46554.00,47641.00,2373974676,50994,23,D,47993.00,46554.00
Ehya.Sanaye.Co.,20210616,48300.00,48300.00,45565.00,47993.00,117668045603,2451799,324,D,46974.00,45565.00
Ehya.Sanaye.Co.,20210615,46974.00,46974.00,46974.00,46974.00,36279711264,772336,242,D,45606.00,46974.00
Ehya.Sanaye.Co.,20210614,44010.00,46556.00,44010.00,45606.00,106496959335,2335172,729,D,45200.00,46556.00
Ehya.Sanaye.Co.,20210613,45200.00,45200.00,45200.00,45200.00,32424988400,717367,103,D,72418.00,45200.00
Ehya.Sanaye.Co.,20210518,69102.00,69102.00,69102.00,72718.00,52033806,753,6,D,72738.00,69102.00
Ehya.Sanaye.Co.,20210517,70557.00,70557.00,70557.00,72738.00,5503446,78,1,D,72739.00,70557.00
Ehya.Sanaye.Co.,20210516,70558.00,70558.00,70558.00,72739.00,6138546,87,1,D,72740.00,70558.00
Ehya.Sanaye.Co.,20210515,70559.00,70559.00,70559.00,72740.00,5080248,72,1,D,72741.00,70559.00
Ehya.Sanaye.Co.,20210512,71288.00,71288.00,71288.00,72741.00,10408048,146,2,D,72742.00,71288.00
Ehya.Sanaye.Co.,20210505,69841.00,69841.00,69841.00,72742.00,59923578,858,7,D,72751.00,69841.00
Ehya.Sanaye.Co.,20210503,71297.00,71297.00,71297.00,72751.00,14758479,207,2,D,72752.00,71297.00
Ehya.Sanaye.Co.,20210502,71298.00,71298.00,71298.00,72752.00,10552104,148,1,D,72753.00,71298.00
Ehya.Sanaye.Co.,20210428,69847.00,69847.00,69847.00,72753.00,28288035,405,5,D,72757.00,69847.00
Ehya.Sanaye.Co.,20210427,71304.00,71304.00,71304.00,72757.00,21391200,300,2,D,72759.00,71304.00
Ehya.Sanaye.Co.,20210424,69853.00,69853.00,69853.00,72759.00,27941200,400,3,D,72763.00,69853.00
Ehya.Sanaye.Co.,20210420,71310.00,71310.00,71310.00,72763.00,30235440,424,1,D,72765.00,71310.00
Ehya.Sanaye.Co.,20210418,69871.00,69871.00,69871.00,72765.00,115007666,1646,5,D,72782.00,69871.00
Ehya.Sanaye.Co.,20210417,71328.00,71328.00,71328.00,72782.00,14978880,210,2,D,72783.00,71328.00
Ehya.Sanaye.Co.,20210413,71331.00,71331.00,71331.00,72783.00,35665500,500,2,D,72786.00,71331.00
Ehya.Sanaye.Co.,20210410,69958.00,69958.00,69958.00,72786.00,566939632,8104,12,D,72872.00,69958.00
Ehya.Sanaye.Co.,20210407,71417.00,71417.00,71417.00,72872.00,20211011,283,2,D,72874.00,71417.00
Ehya.Sanaye.Co.,20210406,71418.00,71418.00,71418.00,72874.00,14212182,199,2,D,72875.00,71418.00
Ehya.Sanaye.Co.,20210405,71421.00,71421.00,71421.00,72875.00,36710394,514,5,D,72878.00,71421.00
Ehya.Sanaye.Co.,20210404,69975.00,69975.00,69975.00,72878.00,77252400,1104,6,D,72890.00,69975.00
Ehya.Sanaye.Co.,20210403,71433.00,71433.00,71433.00,72890.00,5071743,71,1,D,72890.00,71433.00
Ehya.Sanaye.Co.,20210330,71441.00,71441.00,71441.00,72890.00,102017748,1428,4,D,72898.00,71441.00
Ehya.Sanaye.Co.,20210328,70023.00,70023.00,70023.00,72898.00,278971632,3984,9,D,72940.00,70023.00
Ehya.Sanaye.Co.,20210327,71487.00,71487.00,71487.00,72940.00,61407333,859,5,D,72945.00,71487.00
Ehya.Sanaye.Co.,20210317,71496.00,71496.00,71496.00,72945.00,138273264,1934,13,D,72955.00,71496.00
Ehya.Sanaye.Co.,20210316,71499.00,71499.00,71499.00,72955.00,45258867,633,6,D,72958.00,71499.00
Ehya.Sanaye.Co.,20210315,70065.00,70065.00,70065.00,72958.00,170888535,2439,9,D,72984.00,70065.00
Ehya.Sanaye.Co.,20210314,71581.00,71581.00,71581.00,72984.00,765344052,10692,12,D,73041.00,71581.00
Ehya.Sanaye.Co.,20210313,71589.00,71589.00,71589.00,73041.00,125853462,1758,14,D,73050.00,71589.00
Ehya.Sanaye.Co.,20210310,71598.00,71598.00,71598.00,73050.00,117205926,1637,11,D,73059.00,71598.00
Ehya.Sanaye.Co.,20210309,70173.00,70173.00,70173.00,73059.00,242798580,3460,11,D,73096.00,70173.00
Ehya.Sanaye.Co.,20210308,71665.00,71665.00,71665.00,73096.00,417520290,5826,9,D,73127.00,71665.00
Ehya.Sanaye.Co.,20210307,71689.00,71689.00,71689.00,73127.00,336078032,4688,25,D,73152.00,71689.00
Ehya.Sanaye.Co.,20210306,71711.00,71711.00,71711.00,73152.00,295664453,4123,25,D,73174.00,71711.00
Ehya.Sanaye.Co.,20210303,70299.00,70299.00,70299.00,73174.00,353111877,5023,14,D,73228.00,70299.00
Ehya.Sanaye.Co.,20210302,71785.00,71785.00,71785.00,73228.00,295323490,4114,9,D,73250.00,71785.00
Ehya.Sanaye.Co.,20210301,71805.00,71805.00,71805.00,73250.00,273361635,3807,4,D,73270.00,71805.00
Ehya.Sanaye.Co.,20210228,71807.00,71807.00,71807.00,73270.00,32887606,458,5,D,73272.00,71807.00
Ehya.Sanaye.Co.,20210227,70465.00,70465.00,70465.00,73272.00,846073255,12007,18,D,73401.00,70465.00
Ehya.Sanaye.Co.,20210224,71946.00,71946.00,71946.00,73401.00,190513008,2648,13,D,73414.00,71946.00
Ehya.Sanaye.Co.,20210223,71961.00,71961.00,71961.00,73414.00,212500833,2953,12,D,73429.00,71961.00
Ehya.Sanaye.Co.,20210222,72061.00,72061.00,72061.00,73429.00,1453470370,20170,36,D,73531.00,72061.00
Ehya.Sanaye.Co.,20210221,74723.00,74723.00,68319.00,73531.00,175216443631,2382888,874,D,71165.00,68319.00
Ehya.Sanaye.Co.,20210220,71165.00,71165.00,71165.00,71165.00,20978161030,294782,157,D,69093.00,71165.00
Ehya.Sanaye.Co.,20210217,69093.00,69093.00,69093.00,69093.00,28542663765,413105,164,D,67081.00,69093.00
Ehya.Sanaye.Co.,20210216,67081.00,67081.00,67081.00,67081.00,22731805551,338871,241,D,65128.00,67081.00
Ehya.Sanaye.Co.,20210215,65128.00,65128.00,65128.00,65128.00,37906254456,582027,236,D,63232.00,65128.00
Ehya.Sanaye.Co.,20210130,64327.00,64327.00,64327.00,63232.00,8554268787,132981,124,D,62454.00,64327.00
Ehya.Sanaye.Co.,20210127,62476.00,62476.00,62476.00,62454.00,22432257704,359054,149,D,59501.00,62476.00
Ehya.Sanaye.Co.,20210126,60057.00,60057.00,60057.00,59501.00,14815641501,246693,127,D,58308.00,60057.00
Ehya.Sanaye.Co.,20210125,59545.00,59545.00,59545.00,58308.00,6172017885,103653,83,D,57811.00,59545.00
Ehya.Sanaye.Co.,20210124,59009.00,59009.00,59009.00,57811.00,6465793157,109573,90,D,57291.00,59009.00
Ehya.Sanaye.Co.,20210123,58052.00,58052.00,58052.00,57291.00,15219144528,262164,102,D,55288.00,58052.00
Ehya.Sanaye.Co.,20210120,56447.00,56447.00,56447.00,55288.00,6590808167,116761,98,D,54803.00,56447.00
Ehya.Sanaye.Co.,20210119,55829.00,55829.00,55829.00,54803.00,8147907576,145944,119,D,54203.00,55829.00
Ehya.Sanaye.Co.,20210118,54203.00,54203.00,54203.00,54203.00,21468724240,396080,186,D,52625.00,54203.00
Ehya.Sanaye.Co.,20210116,53068.00,53068.00,53068.00,52625.00,17321713608,326406,194,D,50541.00,53068.00
Ehya.Sanaye.Co.,20210113,51319.00,51319.00,51319.00,50541.00,10972156157,213803,132,D,49825.00,51319.00
Ehya.Sanaye.Co.,20210112,50260.00,50260.00,50260.00,49825.00,15763898220,313647,153,D,48797.00,50260.00
Ehya.Sanaye.Co.,20210111,49350.00,49350.00,49350.00,48797.00,13544156850,274451,109,D,47913.00,49350.00
Ehya.Sanaye.Co.,20210110,47913.00,47913.00,47913.00,47913.00,21531958461,449397,121,D,45632.00,47913.00
Ehya.Sanaye.Co.,20210109,46167.00,46167.00,46167.00,45632.00,12397686180,268540,155,D,44823.00,46167.00
Ehya.Sanaye.Co.,20210106,45476.00,45476.00,45476.00,44823.00,11611250652,255327,144,D,44152.00,45476.00
Ehya.Sanaye.Co.,20210105,45127.00,45127.00,45127.00,44152.00,5856943076,129788,106,D,43813.00,45127.00
Ehya.Sanaye.Co.,20210104,43818.00,43818.00,43818.00,43813.00,22017318096,502472,127,D,41732.00,43818.00
Ehya.Sanaye.Co.,20210103,42127.00,42127.00,42127.00,41732.00,14383337356,341428,119,D,40900.00,42127.00
Ehya.Sanaye.Co.,20210102,40900.00,40900.00,40900.00,40900.00,22719622800,555492,143,D,39709.00,40900.00
Ehya.Sanaye.Co.,20201230,39885.00,39885.00,39885.00,39709.00,19643522040,492504,130,D,38724.00,39885.00
Ehya.Sanaye.Co.,20201229,38724.00,38724.00,38724.00,38724.00,30172462908,779167,189,D,36880.00,38724.00
Ehya.Sanaye.Co.,20201228,37196.00,37196.00,35057.00,36880.00,67721148068,1836266,1044,D,36113.00,37196.00
Ehya.Sanaye.Co.,20201227,36113.00,36113.00,36113.00,36113.00,21202050639,587103,156,D,35062.00,36113.00
Ehya.Sanaye.Co.,20201226,35498.00,35499.00,33433.00,35062.00,41831711368,1193084,830,D,34466.00,35499.00
Ehya.Sanaye.Co.,20201223,34482.00,34482.00,33825.00,34466.00,38890765567,1128389,729,D,32840.00,34482.00
Ehya.Sanaye.Co.,20201222,33093.00,33093.00,33093.00,32840.00,14931760158,451206,173,D,32130.00,33093.00
Ehya.Sanaye.Co.,20201221,32176.00,32176.00,32176.00,32130.00,18721090784,581834,142,D,31239.00,32176.00
Ehya.Sanaye.Co.,20201220,30492.00,32378.00,30492.00,31239.00,188706642499,6040810,2581,D,31435.00,32378.00
Ehya.Sanaye.Co.,20201219,33122.00,33700.00,31040.00,31435.00,49258128645,1566977,521,D,32673.00,31040.00
Ehya.Sanaye.Co.,20201216,33122.00,33122.00,33122.00,32673.00,12400512458,374389,137,D,32158.00,33122.00
Ehya.Sanaye.Co.,20201215,32490.00,32490.00,32490.00,32158.00,14785646670,455083,255,D,31544.00,32490.00
Ehya.Sanaye.Co.,20201214,31648.00,31648.00,31648.00,31544.00,19684644576,621987,183,D,30727.00,31648.00
Ehya.Sanaye.Co.,20201213,30824.00,30824.00,30824.00,30727.00,20188949400,654975,173,D,29357.00,30824.00
Ehya.Sanaye.Co.,20201212,29371.00,29371.00,29371.00,29357.00,20265990000,690000,145,D,28516.00,29371.00
Ehya.Sanaye.Co.,20201209,28795.00,28795.00,27119.00,28516.00,65127185931,2283876,347,D,27957.00,28795.00
Ehya.Sanaye.Co.,20201208,28099.00,28099.00,28099.00,27957.00,18397820250,654750,186,D,27281.00,28099.00
Ehya.Sanaye.Co.,20201207,27286.00,27286.00,26500.00,27281.00,29285049844,1073452,386,D,25987.00,27286.00
Ehya.Sanaye.Co.,20201206,26385.00,26385.00,26385.00,25987.00,10064188860,381436,138,D,25617.00,26385.00
Ehya.Sanaye.Co.,20201205,26004.00,26004.00,24491.00,25617.00,17708917969,689816,190,D,25247.00,26004.00
Ehya.Sanaye.Co.,20201202,25489.00,25489.00,25489.00,25247.00,15038510000,590000,142,D,24747.00,25489.00
Ehya.Sanaye.Co.,20201201,25082.00,25082.00,23520.00,24747.00,16644519907,665284,246,D,23888.00,25082.00
Ehya.Sanaye.Co.,20201130,24286.00,24286.00,24286.00,23888.00,9287209260,382410,134,D,23579.00,24286.00
Ehya.Sanaye.Co.,20201129,23868.00,23868.00,23868.00,23579.00,12224282616,512162,125,D,23173.00,23868.00
Ehya.Sanaye.Co.,20201128,23520.00,23520.00,22152.00,23173.00,29070626897,1254497,233,D,22835.00,23520.00
Ehya.Sanaye.Co.,20201125,23300.00,23499.00,22703.00,22835.00,24734932996,1083185,374,D,23405.00,23490.00
Ehya.Sanaye.Co.,20201124,22913.00,24280.00,22913.00,23405.00,23717803389,1013347,460,D,23621.00,23300.00
Ehya.Sanaye.Co.,20201123,24650.00,24650.00,23271.00,23621.00,29235883654,1237729,498,D,23990.00,23271.00
Ehya.Sanaye.Co.,20201122,24145.00,24145.00,23000.00,23990.00,17757403287,737032,379,D,23442.00,24145.00
Ehya.Sanaye.Co.,20201121,23980.00,23980.00,21810.00,23442.00,35104762361,1497509,558,D,22839.00,23980.00
Ehya.Sanaye.Co.,20201118,23402.00,23402.00,22130.00,22839.00,30964851260,1355788,202,D,22721.00,23402.00
Ehya.Sanaye.Co.,20201117,23149.00,23149.00,22790.00,22721.00,7936865688,342940,111,D,22475.00,23149.00
Ehya.Sanaye.Co.,20201116,21464.00,22790.00,21464.00,22475.00,20198572976,898178,345,D,22127.00,22790.00
Ehya.Sanaye.Co.,20201115,22450.00,22507.00,21197.00,22127.00,34162598254,1543960,591,D,21852.00,21221.00
Ehya.Sanaye.Co.,20201114,22066.00,22066.00,20782.00,21852.00,22426755730,1026303,277,D,21424.00,22066.00
Ehya.Sanaye.Co.,20201111,21871.00,21871.00,21871.00,21424.00,6655673365,304315,92,D,21234.00,21871.00
Ehya.Sanaye.Co.,20201110,21702.00,21702.00,21702.00,21234.00,12120523596,558498,200,D,20669.00,21702.00
Ehya.Sanaye.Co.,20201109,21075.00,21075.00,20490.00,20669.00,7298823225,346361,124,D,20462.00,21075.00
Ehya.Sanaye.Co.,20201108,20500.00,20642.00,19440.00,20462.00,23942110369,1170097,307,D,20041.00,20642.00
Ehya.Sanaye.Co.,20201107,20165.00,20165.00,20165.00,20041.00,16254663695,806083,91,D,19578.00,20165.00
Ehya.Sanaye.Co.,20201104,20305.00,20305.00,20305.00,19578.00,5275360830,259806,120,D,19339.00,20305.00
Ehya.Sanaye.Co.,20201102,19822.00,19822.00,19822.00,19339.00,3407659486,171913,71,D,19245.00,19822.00
Ehya.Sanaye.Co.,20201101,19691.00,19691.00,19691.00,19245.00,4603224143,233773,82,D,19118.00,19691.00
Ehya.Sanaye.Co.,20201031,19588.00,19588.00,19588.00,19118.00,3607717840,184180,72,D,19018.00,19588.00
Ehya.Sanaye.Co.,20201028,19564.00,19564.00,19564.00,19018.00,8835317604,451611,148,D,18633.00,19564.00
Ehya.Sanaye.Co.,20201027,18955.00,18955.00,18955.00,18633.00,8623103375,454925,120,D,18403.00,18955.00
Ehya.Sanaye.Co.,20201026,18850.00,18891.00,17811.00,18403.00,7584917839,409833,215,D,18341.00,18891.00
Ehya.Sanaye.Co.,20201024,17785.00,18881.00,17785.00,18341.00,12023415261,655351,188,D,18332.00,18881.00
Ehya.Sanaye.Co.,20201021,18410.00,18710.00,18160.00,18332.00,14314135018,786787,170,D,18721.00,18180.00
Ehya.Sanaye.Co.,20201020,18359.00,18880.00,18359.00,18721.00,7845357308,426092,148,D,18926.00,18500.00
Ehya.Sanaye.Co.,20201019,18296.00,19150.00,18295.00,18926.00,19557442918,1033228,200,D,18860.00,18351.00
Ehya.Sanaye.Co.,20201018,19297.00,19297.00,18210.00,18860.00,11551615416,609437,274,D,18735.00,18282.00
Ehya.Sanaye.Co.,20201014,19058.00,19058.00,19058.00,18735.00,8977251842,471049,151,D,18503.00,19058.00
Ehya.Sanaye.Co.,20201013,18793.00,18793.00,18350.00,18503.00,10054940195,535193,139,D,18246.00,18793.00
Ehya.Sanaye.Co.,20201012,17900.00,18573.00,17900.00,18246.00,9320283056,503534,264,D,18033.00,18466.00
Ehya.Sanaye.Co.,20201011,17100.00,18155.00,17099.00,18033.00,29328640186,1626406,429,D,17627.00,18100.00
Ehya.Sanaye.Co.,20201010,17221.00,18100.00,17221.00,17627.00,7952873543,455957,235,D,17753.00,17530.00
Ehya.Sanaye.Co.,20201007,18412.00,18412.00,17340.00,17753.00,9336432818,530127,372,D,17876.00,17350.00
Ehya.Sanaye.Co.,20201005,18180.00,18183.00,17140.00,17876.00,10295732229,568814,280,D,17654.00,18183.00
Ehya.Sanaye.Co.,20201004,17543.00,18580.00,17543.00,17654.00,19626687768,1112482,352,D,18085.00,17578.00
Ehya.Sanaye.Co.,20201003,18370.00,18370.00,17820.00,18085.00,14271371196,777204,324,D,17496.00,18300.00
Ehya.Sanaye.Co.,20200930,17884.00,17884.00,17380.00,17496.00,6380782784,357844,214,D,17364.00,17884.00
Ehya.Sanaye.Co.,20200929,17550.00,17576.00,16562.00,17364.00,23257902510,1339420,330,D,17065.00,17576.00
Ehya.Sanaye.Co.,20200928,17203.00,17203.00,16210.00,17065.00,31569517508,1849950,512,D,16702.00,17203.00
Ehya.Sanaye.Co.,20200927,16732.00,16732.00,15936.00,16702.00,28817966081,1725427,377,D,15936.00,16732.00
Ehya.Sanaye.Co.,20200926,16283.00,16283.00,16283.00,15936.00,5528664688,339536,87,D,15809.00,16283.00
Ehya.Sanaye.Co.,20200923,16176.00,16176.00,16176.00,15809.00,4489179696,277521,96,D,15705.00,16176.00
Ehya.Sanaye.Co.,20200922,16018.00,16018.00,16018.00,15705.00,6582741262,410959,170,D,15552.00,16018.00
Ehya.Sanaye.Co.,20200921,15423.00,16290.00,15423.00,15552.00,26187879515,1683870,447,D,15899.00,16169.00
Ehya.Sanaye.Co.,20200920,15426.00,15426.00,15426.00,15899.00,161047440,10440,8,D,15903.00,15426.00
Ehya.Sanaye.Co.,20200919,15501.00,15501.00,15501.00,15903.00,3137014875,202375,67,D,15980.00,15501.00
Ehya.Sanaye.Co.,20200916,15870.00,16190.00,15825.00,15980.00,14962142710,941225,457,D,16314.00,15827.00
Ehya.Sanaye.Co.,20200915,16210.00,16620.00,16100.00,16314.00,7895490704,488141,344,D,16412.00,16130.00
Ehya.Sanaye.Co.,20200914,16050.00,16900.00,16019.00,16412.00,8481264412,520860,424,D,16514.00,16220.00
Ehya.Sanaye.Co.,20200913,16275.00,17000.00,16264.00,16514.00,18198396815,1103113,325,D,16766.00,16400.00
Ehya.Sanaye.Co.,20200912,16160.00,17150.00,16160.00,16766.00,7347714659,447540,343,D,16979.00,16300.00
Ehya.Sanaye.Co.,20200909,16531.00,16531.00,16531.00,16979.00,2354295427,142417,49,D,17042.00,16531.00
Ehya.Sanaye.Co.,20200908,16555.00,16555.00,16555.00,17042.00,911303085,55047,16,D,17066.00,16555.00
Ehya.Sanaye.Co.,20200907,16600.00,16610.00,16600.00,17066.00,1793728700,108042,41,D,17113.00,16600.00
Ehya.Sanaye.Co.,20200906,17407.00,17407.00,16400.00,17113.00,16745215748,976135,363,D,16900.00,17000.00
Ehya.Sanaye.Co.,20200905,16410.00,18036.00,16320.00,16900.00,14517747302,863986,522,D,17178.00,18036.00
Ehya.Sanaye.Co.,20200902,16874.00,16875.00,16874.00,17178.00,7859862448,465797,131,D,17395.00,16874.00
Ehya.Sanaye.Co.,20200901,17098.00,17098.00,17098.00,17395.00,8374925262,489819,113,D,17626.00,17098.00
Ehya.Sanaye.Co.,20200831,17600.00,18330.00,17353.00,17626.00,12371997026,708051,268,D,17889.00,17353.00
Ehya.Sanaye.Co.,20200826,17530.00,18339.00,17530.00,17889.00,21070753130,1177837,794,D,17805.00,17652.00
Ehya.Sanaye.Co.,20200825,17615.00,18000.00,17615.00,17805.00,15024374697,852653,375,D,18542.00,17650.00
Ehya.Sanaye.Co.,20200824,18000.00,18000.00,18000.00,18542.00,493992000,27444,11,D,18556.00,18000.00
Ehya.Sanaye.Co.,20200823,18005.00,18005.00,18005.00,18556.00,181778480,10096,17,D,18561.00,18005.00
Ehya.Sanaye.Co.,20200822,18193.00,18640.00,18193.00,18561.00,6750568902,370960,116,D,18755.00,18193.00
Ehya.Sanaye.Co.,20200819,17940.00,17940.00,17940.00,18755.00,2450119620,136573,60,D,18884.00,17940.00
Ehya.Sanaye.Co.,20200818,18595.00,19570.00,18595.00,18884.00,11393031671,609196,455,D,19170.00,18595.00
Ehya.Sanaye.Co.,20200817,18667.00,18667.00,18667.00,19170.00,2378007797,127391,78,D,19244.00,18667.00
Ehya.Sanaye.Co.,20200816,18719.00,18719.00,18719.00,19244.00,1724356842,92118,83,D,19297.00,18719.00
Ehya.Sanaye.Co.,20200815,19076.00,20000.00,19076.00,19297.00,15063417891,789011,349,D,20079.00,19076.00
Ehya.Sanaye.Co.,20200812,20047.00,20500.00,20027.00,20079.00,18010393397,897826,540,D,20646.00,20027.00
Ehya.Sanaye.Co.,20200811,20192.00,20192.00,20192.00,20646.00,5100034784,252577,149,D,20816.00,20192.00
Ehya.Sanaye.Co.,20200810,20283.00,20283.00,20283.00,20816.00,2828342652,139444,99,D,20910.00,20283.00
Ehya.Sanaye.Co.,20200809,21000.00,21380.00,20893.00,20910.00,25080220751,1199449,851,D,21539.00,20893.00
Ehya.Sanaye.Co.,20200805,21382.00,22100.00,21382.00,21539.00,17339557140,807575,593,D,22043.00,21382.00
Ehya.Sanaye.Co.,20200804,23054.00,23054.00,21712.00,22043.00,24345708220,1104447,732,D,22383.00,22100.00
Ehya.Sanaye.Co.,20200803,23034.00,23034.00,21763.00,22383.00,25671604158,1146907,779,D,22364.00,23034.00
Ehya.Sanaye.Co.,20200802,22372.00,22372.00,22196.00,22364.00,27648571030,1236297,813,D,21721.00,22372.00
Ehya.Sanaye.Co.,20200801,21177.00,22485.00,21177.00,21721.00,49768070150,2291243,1612,D,21831.00,21660.00
Ehya.Sanaye.Co.,20200729,21436.00,21436.00,21436.00,21831.00,7399192736,345176,216,D,22098.00,21436.00
Ehya.Sanaye.Co.,20200728,21879.00,21879.00,21879.00,22098.00,12650394042,578198,398,D,22555.00,21879.00
Ehya.Sanaye.Co.,20200727,22543.00,23003.00,22543.00,22555.00,33732347741,1495592,669,D,23240.00,22543.00
Ehya.Sanaye.Co.,20200719,24480.00,24480.00,23290.00,23390.00,42025897417,1796771,1394,D,24010.00,23290.00
Ehya.Sanaye.Co.,20200718,22761.00,24990.00,22761.00,24010.00,49486437208,2061055,1688,D,23958.00,24798.00
Ehya.Sanaye.Co.,20200715,23403.00,23403.00,23403.00,23958.00,4372710132,186844,174,D,24126.00,23403.00
Ehya.Sanaye.Co.,20200714,23683.00,23683.00,23683.00,24126.00,7540975079,318413,313,D,24415.00,23683.00
Ehya.Sanaye.Co.,20200713,23985.00,23985.00,23985.00,24415.00,8113094145,338257,275,D,24726.00,23985.00
Ehya.Sanaye.Co.,20200712,25500.00,25500.00,24063.00,24726.00,7008066190,285130,215,D,24807.00,24063.00
Ehya.Sanaye.Co.,20200707,25880.00,25880.00,24611.00,24807.00,31111093457,1254105,1044,D,25372.00,24622.00
Ehya.Sanaye.Co.,20200706,25800.00,25999.00,24660.00,25372.00,39744153293,1566463,1345,D,25326.00,25220.00
Ehya.Sanaye.Co.,20200705,25000.00,25800.00,24350.00,25326.00,35554250596,1403838,1110,D,25049.00,25590.00
Ehya.Sanaye.Co.,20200704,25300.00,25603.00,24113.00,25049.00,39947723793,1594809,1235,D,24858.00,24711.00
Ehya.Sanaye.Co.,20200701,25135.00,25135.00,24000.00,24858.00,34981899416,1407243,1059,D,24403.00,25135.00
Ehya.Sanaye.Co.,20200630,23357.00,24800.00,23357.00,24403.00,35395569351,1450432,1369,D,24078.00,24800.00
Ehya.Sanaye.Co.,20200629,23730.00,23750.00,23730.00,24078.00,9969817220,420128,341,D,24463.00,23730.00
Ehya.Sanaye.Co.,20200628,25540.00,25540.00,24240.00,24463.00,19295668831,789008,714,D,24989.00,24320.00
Ehya.Sanaye.Co.,20200627,25450.00,25450.00,24810.00,24989.00,23610448384,944852,685,D,25015.00,24900.00
Ehya.Sanaye.Co.,20200624,24850.00,25419.00,24675.00,25015.00,14647110696,588800,559,D,25437.00,24878.00
Ehya.Sanaye.Co.,20200623,26130.00,26130.00,25000.00,25437.00,38275759727,1504757,1167,D,25434.00,25001.00
Ehya.Sanaye.Co.,20200622,26000.00,26150.00,24897.00,25434.00,26706103472,1050031,956,D,25563.00,25199.00
Ehya.Sanaye.Co.,20200621,26300.00,26300.00,25294.00,25563.00,27131120041,1061348,1010,D,26076.00,25431.00
Ehya.Sanaye.Co.,20200620,26354.00,26354.00,25890.00,26076.00,29221021142,1120622,1044,D,25587.00,26200.00
Ehya.Sanaye.Co.,20200616,25869.00,25880.00,24900.00,25587.00,21730165634,849281,875,D,25127.00,25880.00
Ehya.Sanaye.Co.,20200615,24968.00,25576.00,24968.00,25127.00,22240263655,885110,970,D,25740.00,25034.00
Ehya.Sanaye.Co.,20200614,26290.00,26290.00,25003.00,25740.00,21055909597,818029,780,D,25525.00,25779.00
Ehya.Sanaye.Co.,20200613,25800.00,25861.00,24560.00,25525.00,37045404666,1451323,1233,D,25108.00,25861.00
Ehya.Sanaye.Co.,20200610,24763.00,26000.00,24763.00,25108.00,28760234671,1145442,1060,D,25528.00,25399.00
Ehya.Sanaye.Co.,20200609,26150.00,26150.00,25025.00,25528.00,11600654285,458075,535,D,25797.00,25119.00
Ehya.Sanaye.Co.,20200608,26000.00,26600.00,25174.00,25797.00,22042099854,854432,834,D,25952.00,25210.00
Ehya.Sanaye.Co.,20200607,25984.00,25984.00,25800.00,25952.00,21212623745,817377,788,D,25228.00,25984.00
Ehya.Sanaye.Co.,20200606,25661.00,25661.00,24280.00,25228.00,29342340826,1163094,1161,D,24914.00,25661.00
Ehya.Sanaye.Co.,20200602,23771.00,25240.00,23771.00,24914.00,22856896017,917447,1038,D,24505.00,25143.00
Ehya.Sanaye.Co.,20200601,24339.00,24907.00,24339.00,24505.00,15061366106,617629,517,D,25091.00,24339.00
Ehya.Sanaye.Co.,20200531,24903.00,24903.00,24903.00,25091.00,13989857922,561774,452,D,25673.00,24903.00
Ehya.Sanaye.Co.,20200530,25570.00,26500.00,25570.00,25673.00,23119924816,900541,974,D,26915.00,25570.00
Ehya.Sanaye.Co.,20200527,26837.00,26837.00,26837.00,26915.00,17344162686,646278,729,D,27667.00,26837.00
Ehya.Sanaye.Co.,20200526,26912.00,26912.00,26912.00,27667.00,1778371872,66081,85,D,27744.00,26912.00
Ehya.Sanaye.Co.,20200523,28000.00,28000.00,27185.00,27744.00,8319220182,304002,366,D,28025.00,27185.00
Ehya.Sanaye.Co.,20200520,28158.00,28158.00,27000.00,28025.00,30377298581,1083929,939,D,26818.00,28158.00
Ehya.Sanaye.Co.,20200519,27047.00,27047.00,27047.00,26818.00,15277227480,564840,569,D,26260.00,27047.00
Ehya.Sanaye.Co.,20200518,26682.00,26682.00,26682.00,26260.00,9716276982,364151,314,D,25905.00,26682.00
Ehya.Sanaye.Co.,20200517,24628.00,26150.00,24628.00,25905.00,17275273217,664213,641,D,25389.00,26150.00
Ehya.Sanaye.Co.,20200516,25842.00,25842.00,24500.00,25389.00,35927127579,1415078,1299,D,25090.00,25099.00
Ehya.Sanaye.Co.,20200513,24142.00,25634.00,24142.00,25090.00,63581111515,2534160,1777,D,24888.00,25403.00
Ehya.Sanaye.Co.,20200512,25801.00,25801.00,24299.00,24888.00,14251557754,574473,408,D,25050.00,24299.00
Ehya.Sanaye.Co.,20200511,25104.00,25104.00,24200.00,25050.00,36435617575,1454503,782,D,24373.00,25104.00
Ehya.Sanaye.Co.,20200510,24774.00,24774.00,24774.00,24373.00,14053646076,567274,333,D,23595.00,24774.00
Ehya.Sanaye.Co.,20200509,23954.00,23954.00,23954.00,23595.00,10001010586,417509,254,D,23257.00,23954.00
Ehya.Sanaye.Co.,20200506,23710.00,23710.00,23710.00,23257.00,7876035220,332182,231,D,23020.00,23710.00
Ehya.Sanaye.Co.,20200505,23100.00,23100.00,22222.00,23020.00,47067342940,2044666,954,D,22428.00,23100.00
Ehya.Sanaye.Co.,20200504,21900.00,22974.00,20897.00,22428.00,65294796310,2911301,1264,D,21880.00,22974.00
Ehya.Sanaye.Co.,20200503,21968.00,21968.00,21968.00,21880.00,18307450192,833369,606,D,21329.00,21968.00
Ehya.Sanaye.Co.,20200502,21329.00,21329.00,21329.00,21329.00,21647292667,1014923,653,D,20708.00,21329.00
Ehya.Sanaye.Co.,20200429,20000.00,20873.00,19997.00,20708.00,27550801981,1330418,846,D,20266.00,20873.00
Ehya.Sanaye.Co.,20200428,20199.00,20798.00,20195.00,20266.00,28039726918,1383567,959,D,20819.00,20195.00
Ehya.Sanaye.Co.,20200427,21000.00,21309.00,20802.00,20819.00,26757007517,1285192,667,D,21445.00,20802.00
Ehya.Sanaye.Co.,20200426,22300.00,22309.00,21020.00,21445.00,36469723405,1700608,943,D,21670.00,21201.00
Ehya.Sanaye.Co.,20200425,21683.00,21683.00,21405.00,21670.00,31236851460,1441498,903,D,21052.00,21683.00
Ehya.Sanaye.Co.,20200422,20502.00,21400.00,20268.00,21052.00,21874324350,1039063,768,D,20797.00,20980.00
Ehya.Sanaye.Co.,20200421,21200.00,21210.00,20390.00,20797.00,18084110428,870213,672,D,20894.00,20798.00
Ehya.Sanaye.Co.,20200420,20100.00,21199.00,20100.00,20894.00,17188211296,820246,606,D,20631.00,20900.00
Ehya.Sanaye.Co.,20200419,20970.00,20974.00,20060.00,20631.00,42967449006,2082621,1075,D,20364.00,20340.00
Ehya.Sanaye.Co.,20200418,20423.00,20423.00,20300.00,20364.00,18612769227,911465,707,D,19829.00,20423.00
Ehya.Sanaye.Co.,20200415,19176.00,20300.00,19176.00,19829.00,26164323263,1319502,915,D,19769.00,20087.00
Ehya.Sanaye.Co.,20200414,19663.00,20178.00,19663.00,19769.00,16022601269,814469,791,D,20271.00,19663.00
Ehya.Sanaye.Co.,20200413,21070.00,21070.00,20100.00,20271.00,16172351512,799950,544,D,20525.00,20178.00
Ehya.Sanaye.Co.,20200412,21150.00,21150.00,20174.00,20525.00,33393291657,1626921,885,D,20797.00,20700.00
Ehya.Sanaye.Co.,20200411,21003.00,21216.00,19982.00,20797.00,17760948934,852876,659,D,20600.00,20780.00
Ehya.Sanaye.Co.,20200408,20211.00,20745.00,20211.00,20600.00,15676170321,756497,566,D,20141.00,20745.00
Ehya.Sanaye.Co.,20200407,19351.00,20510.00,19351.00,20141.00,21961352252,1090374,1003,D,19936.00,20401.00
Ehya.Sanaye.Co.,20200406,20900.00,20900.00,19860.00,19936.00,19993796183,1002907,751,D,20474.00,19860.00
Ehya.Sanaye.Co.,20200405,20300.00,20900.00,20300.00,20474.00,22576301221,1102673,855,D,20371.00,20554.00
Ehya.Sanaye.Co.,20200404,21000.00,21110.00,20254.00,20371.00,30780364117,1510964,1488,D,20880.00,20254.00
Ehya.Sanaye.Co.,20200330,20805.00,21373.00,20732.00,20880.00,20732997762,992975,605,D,21373.00,20732.00
Ehya.Sanaye.Co.,20200329,22450.00,22450.00,21163.00,21373.00,32956037969,1541975,1158,D,21817.00,21163.00
Ehya.Sanaye.Co.,20200328,20523.00,22683.00,20523.00,21817.00,33322071167,1527330,1177,D,21603.00,22000.00
Ehya.Sanaye.Co.,20200325,20991.00,20991.00,20991.00,21603.00,1100411193,52423,116,D,21640.00,20991.00
Ehya.Sanaye.Co.,20200324,21154.00,21154.00,21154.00,21640.00,4979101596,235374,95,D,21808.00,21154.00
Ehya.Sanaye.Co.,20200318,21200.00,21200.00,21200.00,21808.00,1382240000,65200,70,D,21855.00,21200.00
Ehya.Sanaye.Co.,20200317,20824.00,20824.00,20824.00,21855.00,1107732680,53195,69,D,21919.00,20824.00
Ehya.Sanaye.Co.,20200316,21413.00,21413.00,21413.00,21919.00,4559962589,212953,158,D,22075.00,21413.00
Ehya.Sanaye.Co.,20200315,21470.00,21470.00,21470.00,22075.00,1737159170,80911,48,D,22134.00,21470.00
Ehya.Sanaye.Co.,20200314,21481.00,21481.00,21481.00,22134.00,316694383,14743,24,D,22145.00,21481.00
Ehya.Sanaye.Co.,20200311,21630.00,22835.00,21630.00,22145.00,10908505256,502277,473,D,22768.00,21630.00
Ehya.Sanaye.Co.,20200310,22147.00,22147.00,22147.00,22768.00,1721021223,77709,97,D,22831.00,22147.00
Ehya.Sanaye.Co.,20200309,22230.00,22230.00,22230.00,22831.00,2344820400,105480,175,D,22917.00,22230.00
Ehya.Sanaye.Co.,20200307,22912.00,23900.00,22912.00,22917.00,20034875486,874230,572,D,23620.00,22912.00
Ehya.Sanaye.Co.,20200304,23621.00,23621.00,23513.00,23620.00,27915088184,1181832,480,D,22497.00,23621.00
Ehya.Sanaye.Co.,20200303,22618.00,22618.00,22300.00,22497.00,17046011547,754082,336,D,21960.00,22618.00
Ehya.Sanaye.Co.,20200302,22170.00,22170.00,22170.00,21960.00,13548552570,611121,222,D,21525.00,22170.00
Ehya.Sanaye.Co.,20200301,20778.00,22062.00,20778.00,21525.00,31125375733,1446040,693,D,21420.00,22062.00
Ehya.Sanaye.Co.,20200229,21420.00,21431.00,21420.00,21420.00,11611063971,542060,379,D,22082.00,21420.00
Ehya.Sanaye.Co.,20200226,22266.00,22266.00,21305.00,22082.00,23359646127,1057870,653,D,21206.00,22266.00
Ehya.Sanaye.Co.,20200225,21206.00,21206.00,21206.00,21206.00,1157974836,54606,81,D,20589.00,21206.00
Ehya.Sanaye.Co.,20200224,20589.00,20589.00,20589.00,20589.00,4444238595,215855,179,D,19990.00,20589.00
Ehya.Sanaye.Co.,20200223,19991.00,19991.00,19950.00,19990.00,15563911570,778585,437,D,19409.00,19991.00
Ehya.Sanaye.Co.,20200222,18977.00,20100.00,18977.00,19409.00,22145029055,1140985,747,D,19563.00,19950.00
Ehya.Sanaye.Co.,20200219,19950.00,19950.00,18997.00,19563.00,19000765674,971282,829,D,19535.00,19191.00
Ehya.Sanaye.Co.,20200218,19601.00,19601.00,19061.00,19535.00,26879074317,1375963,667,D,19031.00,19601.00
Ehya.Sanaye.Co.,20200217,19031.00,19031.00,19031.00,19031.00,4383638602,230342,115,D,18477.00,19031.00
Ehya.Sanaye.Co.,20200216,18068.00,18606.00,18068.00,18477.00,4871950351,263672,160,D,18065.00,18606.00
Ehya.Sanaye.Co.,20200215,18305.00,18500.00,18004.00,18065.00,15400164869,852488,578,D,18560.00,18238.00
Ehya.Sanaye.Co.,20200212,19089.00,19089.00,18508.00,18560.00,12125615239,653313,625,D,19080.00,18508.00
Ehya.Sanaye.Co.,20200210,19600.00,19998.00,18858.00,19080.00,9433497774,494410,411,D,19441.00,18858.00
Ehya.Sanaye.Co.,20200209,18800.00,19627.00,18500.00,19441.00,18048897331,928413,605,D,19056.00,19619.00
Ehya.Sanaye.Co.,20200208,18989.00,19064.00,18989.00,19056.00,12831614924,673365,380,D,18509.00,19064.00
Ehya.Sanaye.Co.,20200205,18453.00,18940.00,18200.00,18509.00,9237766958,499101,456,D,18453.00,18309.00
Ehya.Sanaye.Co.,20200204,18096.00,19200.00,18094.00,18453.00,18890967142,1023748,699,D,18653.00,18750.00
Ehya.Sanaye.Co.,20200203,19059.00,19188.00,18596.00,18653.00,19680603137,1055081,762,D,19171.00,18596.00
Ehya.Sanaye.Co.,20200202,19990.00,19990.00,19063.00,19171.00,15659764080,816860,552,D,19652.00,19063.00
Ehya.Sanaye.Co.,20200201,19772.00,19772.00,19000.00,19652.00,30426560553,1548234,821,D,19197.00,19203.00
Ehya.Sanaye.Co.,20200128,18999.00,19309.00,18400.00,19197.00,25196005449,1312510,861,D,18390.00,19309.00
Ehya.Sanaye.Co.,20200127,18390.00,18390.00,18390.00,18390.00,7351126650,399735,187,D,17855.00,18390.00
Ehya.Sanaye.Co.,20200126,17855.00,17855.00,17855.00,17855.00,8089761255,453081,148,D,17335.00,17855.00
Ehya.Sanaye.Co.,20200125,17060.00,17348.00,17060.00,17335.00,10565163254,609484,230,D,16843.00,17348.00
Ehya.Sanaye.Co.,20200122,17330.00,17486.00,16588.00,16843.00,11683415329,693660,466,D,17101.00,17000.00
Ehya.Sanaye.Co.,20200121,17300.00,17497.00,16961.00,17101.00,7536935833,440742,419,D,17485.00,16961.00
Ehya.Sanaye.Co.,20200120,18000.00,18000.00,17100.00,17485.00,6124444524,350270,306,D,17538.00,17300.00
Ehya.Sanaye.Co.,20200119,17736.00,17736.00,16760.00,17538.00,10370205874,591303,408,D,17220.00,17736.00
Ehya.Sanaye.Co.,20200118,17220.00,17220.00,17220.00,17220.00,2708154960,157268,95,D,16719.00,17220.00
Ehya.Sanaye.Co.,20200115,16831.00,17335.00,16327.00,16719.00,18551177711,1109599,693,D,16831.00,17335.00
Ehya.Sanaye.Co.,20200114,16790.00,17254.00,16790.00,16831.00,17112914755,1016759,744,D,17309.00,16790.00
Ehya.Sanaye.Co.,20200113,18000.00,18000.00,17196.00,17309.00,12793490882,739128,601,D,17727.00,17196.00
Ehya.Sanaye.Co.,20200112,18232.00,18232.00,17170.00,17727.00,9658027994,544806,467,D,17701.00,17445.00
Ehya.Sanaye.Co.,20200111,17711.00,17711.00,17364.00,17701.00,4215666605,238158,175,D,17364.00,17711.00
Ehya.Sanaye.Co.,20200108,17364.00,17364.00,17364.00,17364.00,107049060,6165,9,D,17718.00,17364.00
Ehya.Sanaye.Co.,20200107,17718.00,17718.00,17718.00,17718.00,3950582460,222970,56,D,18265.00,17718.00
Ehya.Sanaye.Co.,20200105,18265.00,18265.00,18265.00,18265.00,514744230,28182,51,D,18829.00,18265.00
Ehya.Sanaye.Co.,20200101,18700.00,18909.00,18336.00,18829.00,13521040442,718084,448,D,18359.00,18690.00
Ehya.Sanaye.Co.,20191231,17971.00,19081.00,17971.00,18359.00,21653616429,1179445,888,D,18526.00,18500.00
Ehya.Sanaye.Co.,20191230,19000.00,19300.00,18391.00,18526.00,14502385675,782799,753,D,18959.00,18391.00
Ehya.Sanaye.Co.,20191229,19029.00,19029.00,17928.00,18959.00,26619799626,1404097,832,D,18475.00,19029.00
Ehya.Sanaye.Co.,20191228,18475.00,18475.00,18475.00,18475.00,3382569275,183089,72,D,17596.00,18475.00
Ehya.Sanaye.Co.,20191225,17596.00,17596.00,17596.00,17596.00,1303018992,74052,57,D,17084.00,17596.00
Ehya.Sanaye.Co.,20191224,17084.00,17084.00,17084.00,17084.00,3307616156,193609,102,D,16587.00,17084.00
Ehya.Sanaye.Co.,20191223,16752.00,16752.00,15778.00,16587.00,30663480234,1848627,624,D,16265.00,16752.00
Ehya.Sanaye.Co.,20191222,16265.00,16265.00,16265.00,16265.00,3565938600,219240,56,D,15491.00,16265.00
Ehya.Sanaye.Co.,20191221,15491.00,15491.00,15491.00,15491.00,1035015674,66814,45,D,15040.00,15491.00
Ehya.Sanaye.Co.,20191218,15040.00,15040.00,15040.00,15040.00,6004359040,399226,93,D,14602.00,15040.00
Ehya.Sanaye.Co.,20191217,14321.00,14756.00,14100.00,14602.00,4038333330,276551,199,D,14327.00,14756.00
Ehya.Sanaye.Co.,20191216,14568.00,14568.00,14082.00,14327.00,5003790806,349254,263,D,14236.00,14270.00
Ehya.Sanaye.Co.,20191215,14600.00,14600.00,14081.00,14236.00,7026588530,493573,413,D,14516.00,14245.00
Ehya.Sanaye.Co.,20191214,14698.00,14800.00,14261.00,14516.00,8947387311,616379,410,D,14537.00,14468.00
Ehya.Sanaye.Co.,20191211,14994.00,14994.00,14407.00,14537.00,5322284820,366112,274,D,14852.00,14698.00
Ehya.Sanaye.Co.,20191210,14800.00,15021.00,14416.00,14852.00,11649077457,784357,428,D,14584.00,14798.00
Ehya.Sanaye.Co.,20191209,14799.00,14799.00,14301.00,14584.00,5355850538,367237,284,D,14416.00,14597.00
Ehya.Sanaye.Co.,20191208,14799.00,14799.00,14229.00,14416.00,6335944985,439519,346,D,14669.00,14476.00
Ehya.Sanaye.Co.,20191207,14986.00,14986.00,14200.00,14669.00,12985032538,885193,449,D,14550.00,14450.00
Ehya.Sanaye.Co.,20191204,14551.00,14551.00,14501.00,14550.00,8566795657,588791,240,D,14128.00,14551.00
Ehya.Sanaye.Co.,20191203,14050.00,14229.00,13800.00,14128.00,7480193405,529449,225,D,13815.00,14100.00
Ehya.Sanaye.Co.,20191202,13750.00,13995.00,13184.00,13815.00,9343460860,676305,296,D,13588.00,13800.00
Ehya.Sanaye.Co.,20191201,13300.00,13611.00,13104.00,13588.00,4078589008,300160,191,D,13215.00,13611.00
Ehya.Sanaye.Co.,20191130,13350.00,13611.00,13007.00,13215.00,6375672930,482469,285,D,13400.00,13300.00
Ehya.Sanaye.Co.,20191127,13641.00,13641.00,12979.00,13400.00,6835470188,510116,302,D,13244.00,13238.00
Ehya.Sanaye.Co.,20191126,13244.00,13244.00,13244.00,13244.00,1307328484,98711,58,D,12859.00,13244.00
Ehya.Sanaye.Co.,20191125,12600.00,12944.00,12580.00,12859.00,7998347037,622013,274,D,12567.00,12944.00
Ehya.Sanaye.Co.,20191124,12400.00,12990.00,12390.00,12567.00,3271521342,260336,202,D,12773.00,12700.00
Ehya.Sanaye.Co.,20191123,13268.00,13268.00,12508.00,12773.00,2418091837,189311,175,D,12894.00,12515.00
Ehya.Sanaye.Co.,20191120,12275.00,13018.00,12275.00,12894.00,3166805202,245600,205,D,12639.00,13006.00
Ehya.Sanaye.Co.,20191119,12507.00,12970.00,12507.00,12639.00,5175471996,409469,272,D,12893.00,12940.00
Ehya.Sanaye.Co.,20191118,12891.00,13289.00,12891.00,12893.00,3443645250,267089,154,D,13289.00,12891.00
Ehya.Sanaye.Co.,20191117,13289.00,13289.00,13289.00,13289.00,540290873,40657,31,D,13699.00,13289.00
Ehya.Sanaye.Co.,20191116,13826.00,13826.00,13181.00,13699.00,5480650283,400066,326,D,13168.00,13760.00
Ehya.Sanaye.Co.,20191113,13172.00,13172.00,13000.00,13168.00,9057078780,687806,226,D,12789.00,13172.00
Ehya.Sanaye.Co.,20191112,12550.00,12842.00,12550.00,12789.00,882905544,69039,81,D,12468.00,12842.00
Ehya.Sanaye.Co.,20191111,12500.00,12552.00,12190.00,12468.00,5920548178,474878,168,D,12187.00,12552.00
Ehya.Sanaye.Co.,20191110,12358.00,12420.00,11820.00,12187.00,1889475739,155038,145,D,12059.00,12259.00
Ehya.Sanaye.Co.,20191109,12206.00,12206.00,11536.00,12059.00,2538429990,210496,146,D,11852.00,11990.00
Ehya.Sanaye.Co.,20191105,12009.00,12168.00,11640.00,11852.00,3095022557,261129,195,D,11999.00,12024.00
Ehya.Sanaye.Co.,20191104,12390.00,12390.00,11886.00,11999.00,2764875674,230434,177,D,12241.00,11997.00
Ehya.Sanaye.Co.,20191103,12617.00,12617.00,11960.00,12241.00,3730167672,304718,175,D,12253.00,12270.00
Ehya.Sanaye.Co.,20191102,12734.00,12734.00,11522.00,12253.00,6771164085,552631,425,D,12128.00,12240.00
Ehya.Sanaye.Co.,20191030,12128.00,12128.00,12128.00,12128.00,150605504,12418,10,D,11775.00,12128.00
Ehya.Sanaye.Co.,20191028,11775.00,11775.00,11775.00,11775.00,817514700,69428,22,D,11433.00,11775.00
Ehya.Sanaye.Co.,20191026,10822.00,11487.00,10822.00,11433.00,3687735260,322557,147,D,11153.00,11487.00
Ehya.Sanaye.Co.,20191023,11122.00,11500.00,11121.00,11153.00,6087367706,545815,288,D,11464.00,11390.00
Ehya.Sanaye.Co.,20191022,11144.00,11832.00,11144.00,11464.00,16663979400,1453631,482,D,11488.00,11350.00
Ehya.Sanaye.Co.,20191021,11488.00,11488.00,11488.00,11488.00,189012064,16453,14,D,11843.00,11488.00
Ehya.Sanaye.Co.,20191020,11843.00,11843.00,11843.00,11843.00,383251323,32361,19,D,12466.00,11843.00
Ehya.Sanaye.Co.,20191016,12466.00,12466.00,12466.00,12466.00,1085825998,87103,37,D,12851.00,12466.00
Ehya.Sanaye.Co.,20191015,12851.00,12851.00,12851.00,12851.00,1017799200,79200,72,D,13248.00,12851.00
Ehya.Sanaye.Co.,20191014,13301.00,13800.00,13199.00,13248.00,4511913588,340579,120,D,13607.00,13199.00
Ehya.Sanaye.Co.,20191013,13671.00,13671.00,13193.00,13607.00,6598237533,484898,333,D,13273.00,13451.00
Ehya.Sanaye.Co.,20191012,12700.00,13437.00,12700.00,13273.00,10526403311,793045,437,D,13046.00,13437.00
Ehya.Sanaye.Co.,20191009,13003.00,13799.00,13003.00,13046.00,25822845913,1979318,772,D,13405.00,13190.00
Ehya.Sanaye.Co.,20191008,13405.00,13405.00,13405.00,13405.00,151422880,11296,13,D,13819.00,13405.00
Ehya.Sanaye.Co.,20191007,13819.00,13819.00,13819.00,13819.00,427919154,30966,46,D,14246.00,13819.00
Ehya.Sanaye.Co.,20191006,14246.00,14246.00,14246.00,14246.00,17878730,1255,4,D,14686.00,14246.00
Ehya.Sanaye.Co.,20191005,14686.00,14686.00,14686.00,14686.00,66703812,4542,16,D,15140.00,14686.00
Ehya.Sanaye.Co.,20191002,15140.00,15140.00,15140.00,15140.00,106888400,7060,16,D,15608.00,15140.00
Ehya.Sanaye.Co.,20191001,15608.00,15608.00,15608.00,15608.00,1184194568,75871,20,D,16090.00,15608.00
Ehya.Sanaye.Co.,20190930,16090.00,16090.00,16090.00,16090.00,1102309810,68509,40,D,16587.00,16090.00
Ehya.Sanaye.Co.,20190929,16587.00,16587.00,16587.00,16587.00,669036645,40335,52,D,17099.00,16587.00
Ehya.Sanaye.Co.,20190928,17099.00,17099.00,17099.00,17099.00,25357817,1483,17,D,17627.00,17099.00
Ehya.Sanaye.Co.,20190925,17627.00,17627.00,17627.00,17627.00,18279199,1037,7,D,18172.00,17627.00
Ehya.Sanaye.Co.,20190924,18172.00,18172.00,18172.00,18172.00,199037916,10953,7,D,18734.00,18172.00
Ehya.Sanaye.Co.,20190923,18734.00,18734.00,18734.00,18734.00,549824166,29349,8,D,18734.00,18734.00
Ehya.Sanaye.Co.,20190922,18734.00,18734.00,18734.00,18734.00,18509192,988,7,D,18734.00,18734.00
Ehya.Sanaye.Co.,20190918,18734.00,18734.00,18734.00,18734.00,215384798,11497,5,D,18734.00,18734.00
Ehya.Sanaye.Co.,20190917,18734.00,18734.00,18734.00,18734.00,68997322,3683,7,D,19313.00,18734.00
Ehya.Sanaye.Co.,20190916,19313.00,19313.00,19313.00,19313.00,8941919,463,6,D,20545.00,19313.00
Ehya.Sanaye.Co.,20190904,20545.00,20545.00,20545.00,20545.00,279165460,13588,17,D,21180.00,20545.00
Ehya.Sanaye.Co.,20190903,21180.00,21180.00,21180.00,21180.00,34205700,1615,4,D,21835.00,21180.00
Ehya.Sanaye.Co.,20190902,21835.00,21835.00,21835.00,21835.00,271212535,12421,14,D,22510.00,21835.00
Ehya.Sanaye.Co.,20190901,22523.00,22523.00,21848.00,22510.00,56431411,2507,7,D,23219.00,21848.00
Ehya.Sanaye.Co.,20190827,23200.00,23990.00,23196.00,23219.00,1131199513,48718,45,D,22197.00,23990.00
Ehya.Sanaye.Co.,20190826,22202.00,22202.00,21000.00,22197.00,20261099463,912796,278,D,20184.00,22202.00
Ehya.Sanaye.Co.,20190825,19500.00,20322.00,19100.00,20184.00,22959537160,1137489,600,D,18475.00,20322.00
Ehya.Sanaye.Co.,20190824,18617.00,18617.00,17000.00,18475.00,23613475014,1278156,509,D,16925.00,18617.00
Ehya.Sanaye.Co.,20190821,16925.00,16925.00,16925.00,16925.00,10295900625,608325,35,D,15387.00,16925.00
Ehya.Sanaye.Co.,20190819,15387.00,15387.00,15387.00,15387.00,309232539,20097,25,D,13989.00,15387.00
Ehya.Sanaye.Co.,20190720,30600.00,30600.00,27744.00,28127.00,15648523355,556356,543,D,30826.00,27744.00
Ehya.Sanaye.Co.,20190717,31000.00,31144.00,28719.00,30826.00,27182668057,881807,780,D,28313.00,30580.00
Ehya.Sanaye.Co.,20190716,28500.00,28719.00,26011.00,28313.00,19865259840,701630,574,D,26109.00,28719.00
Ehya.Sanaye.Co.,20190715,25970.00,28700.00,23727.00,26109.00,24547096647,940160,750,D,26363.00,27390.00
Ehya.Sanaye.Co.,20190714,31500.00,31500.00,26235.00,26363.00,5897803810,223713,176,D,29149.00,26235.00
Ehya.Sanaye.Co.,20190708,30074.00,33081.00,28000.00,29149.00,11315218252,388187,280,D,27340.00,28000.00
Ehya.Sanaye.Co.,20190703,27340.00,27340.00,27340.00,27340.00,321655100,11765,11,D,24855.00,27340.00
Ehya.Sanaye.Co.,20190702,23839.00,24935.00,23839.00,24855.00,3311816681,133246,128,D,22669.00,24935.00
Ehya.Sanaye.Co.,20190701,20810.00,23147.00,20482.00,22669.00,8578318462,378416,377,D,21043.00,23147.00
Ehya.Sanaye.Co.,20190630,20600.00,23300.00,19559.00,21043.00,27086225466,1287202,332,D,21672.00,20810.00
Ehya.Sanaye.Co.,20190626,22612.00,22612.00,21050.00,21672.00,30000146034,1384261,285,D,20557.00,22612.00
Ehya.Sanaye.Co.,20190625,19790.00,20673.00,19790.00,20557.00,12074461041,587361,366,D,18794.00,20673.00
Ehya.Sanaye.Co.,20190624,17760.00,19092.00,17500.00,18794.00,13020050003,692773,392,D,17357.00,19092.00
Ehya.Sanaye.Co.,20190623,17750.00,17750.00,16755.00,17357.00,1470038079,84696,66,D,17442.00,16789.00
Ehya.Sanaye.Co.,20190622,17000.00,17600.00,16506.00,17442.00,3526255712,202175,78,D,17394.00,17300.00
Ehya.Sanaye.Co.,20190619,17000.00,17761.00,16277.00,17394.00,2776024358,159595,106,D,17379.00,17000.00
Ehya.Sanaye.Co.,20190618,17410.00,17700.00,16801.00,17379.00,1563446065,89960,96,D,16895.00,17488.00
Ehya.Sanaye.Co.,20190617,17428.00,17428.00,16100.00,16895.00,1660871914,98304,121,D,16576.00,17002.00
Ehya.Sanaye.Co.,20190616,16412.00,17250.00,15803.00,16576.00,5587726762,337088,173,D,16255.00,17169.00
Ehya.Sanaye.Co.,20190615,16000.00,16340.00,15055.00,16255.00,935675097,57563,52,D,16069.00,16340.00
Ehya.Sanaye.Co.,20190612,15550.00,16375.00,15550.00,16069.00,837229813,52101,64,D,15854.00,16000.00
Ehya.Sanaye.Co.,20190611,16398.00,16398.00,15388.00,15854.00,584712207,36881,55,D,15645.00,16284.00
Ehya.Sanaye.Co.,20190610,15000.00,16000.00,15000.00,15645.00,1382211709,88351,94,D,15516.00,15800.00
Ehya.Sanaye.Co.,20190609,15000.00,15897.00,15000.00,15516.00,641529927,41346,51,D,15053.00,15450.00
Ehya.Sanaye.Co.,20190608,16002.00,16598.00,14750.00,15053.00,2644637315,175688,163,D,16101.00,14860.00
Ehya.Sanaye.Co.,20190603,16001.00,16587.00,16001.00,16101.00,1747233720,108520,75,D,16207.00,16199.00
Ehya.Sanaye.Co.,20190602,16355.00,16773.00,16006.00,16207.00,3319021711,204791,146,D,16421.00,16250.00
Ehya.Sanaye.Co.,20190601,16411.00,16590.00,16333.00,16421.00,977402962,59522,97,D,16932.00,16333.00
Ehya.Sanaye.Co.,20190529,16987.00,16987.00,16610.00,16932.00,2703899292,159694,53,D,16656.00,16900.00
Ehya.Sanaye.Co.,20190528,16800.00,16900.00,16324.00,16656.00,2276645650,136688,91,D,16760.00,16510.00
Ehya.Sanaye.Co.,20190526,16998.00,17500.00,16500.00,16760.00,1985779469,118482,100,D,16740.00,16634.00
Ehya.Sanaye.Co.,20190525,17380.00,17380.00,16701.00,16740.00,233122137,13926,27,D,16926.00,16998.00
Ehya.Sanaye.Co.,20190522,17000.00,17300.00,16700.00,16926.00,1410456334,83331,61,D,17125.00,17040.00
Ehya.Sanaye.Co.,20190521,16797.00,17750.00,16797.00,17125.00,6648948656,388268,136,D,16314.00,17518.00
Ehya.Sanaye.Co.,20190520,16126.00,16800.00,16126.00,16314.00,1217803329,74649,75,D,16522.00,16400.00
Ehya.Sanaye.Co.,20190519,16627.00,17397.00,16200.00,16522.00,2107609560,127561,101,D,16769.00,16899.00
Ehya.Sanaye.Co.,20190518,16501.00,17250.00,16301.00,16769.00,1220589754,72787,102,D,17155.00,17250.00
Ehya.Sanaye.Co.,20190515,17400.00,17400.00,16501.00,17155.00,1629526114,94988,57,D,17233.00,17146.00
Ehya.Sanaye.Co.,20190514,16666.00,17800.00,16666.00,17233.00,2175317616,126227,152,D,16698.00,17000.00
Ehya.Sanaye.Co.,20190513,17398.00,17400.00,16104.00,16698.00,602563810,36085,80,D,16036.00,16600.00
Ehya.Sanaye.Co.,20190512,16360.00,16997.00,15304.00,16036.00,865304493,53960,59,D,16963.00,16000.00
Ehya.Sanaye.Co.,20190511,16500.00,17587.00,16230.00,16963.00,1741177790,102644,123,D,16152.00,16900.00
Ehya.Sanaye.Co.,20190508,15720.00,16981.00,15720.00,16152.00,797516438,49377,66,D,15447.00,16230.00
Ehya.Sanaye.Co.,20190507,15490.00,16790.00,15051.00,15447.00,1468686642,95082,133,D,16723.00,15500.00
Ehya.Sanaye.Co.,20190506,18299.00,18299.00,16395.00,16723.00,2339536182,139896,127,D,18216.00,16395.00
Ehya.Sanaye.Co.,20190505,18600.00,18600.00,17600.00,18216.00,856243885,47005,79,D,17793.00,17680.00
Ehya.Sanaye.Co.,20190504,17800.00,18569.00,17600.00,17793.00,2980850213,167534,186,D,18802.00,18160.00
Ehya.Sanaye.Co.,20190501,18187.00,19364.00,18000.00,18802.00,3703125400,196954,156,D,18187.00,18305.00
Ehya.Sanaye.Co.,20190430,19454.00,19995.00,17228.00,18187.00,4139602334,227613,179,D,19142.00,18688.00
Ehya.Sanaye.Co.,20190429,17305.00,19794.00,17305.00,19142.00,3988089889,208338,189,D,18099.00,19350.00
Ehya.Sanaye.Co.,20190428,17750.00,18290.00,17500.00,18099.00,1713260056,94663,119,D,17612.00,18175.00
Ehya.Sanaye.Co.,20190427,17000.00,18500.00,17000.00,17612.00,3556098087,201910,227,D,16838.00,17698.00
Ehya.Sanaye.Co.,20190424,15825.00,17400.00,15825.00,16838.00,5759031204,342017,414,D,15995.00,17400.00
Ehya.Sanaye.Co.,20190423,15981.00,16199.00,15600.00,15995.00,1826787902,114212,172,D,15861.00,15914.00
Ehya.Sanaye.Co.,20190422,15601.00,16249.00,15302.00,15861.00,4590673632,289439,162,D,15868.00,15981.00
Ehya.Sanaye.Co.,20190420,15710.00,16280.00,15513.00,15868.00,1909705744,120348,153,D,15719.00,15600.00
Ehya.Sanaye.Co.,20190417,15221.00,15947.00,15221.00,15719.00,2784501690,177138,167,D,15527.00,15600.00
Ehya.Sanaye.Co.,20190416,16100.00,16100.00,15300.00,15527.00,2614545225,168389,138,D,15821.00,15347.00
Ehya.Sanaye.Co.,20190415,15860.00,16400.00,15586.00,15821.00,3169685600,200351,214,D,15822.00,15895.00
Ehya.Sanaye.Co.,20190414,15790.00,16100.00,15000.00,15822.00,5340712145,337558,345,D,15278.00,15855.00
Ehya.Sanaye.Co.,20190413,14500.00,15972.00,14321.00,15278.00,3813422261,249610,290,D,14520.00,15600.00
Ehya.Sanaye.Co.,20190410,14200.00,14699.00,14200.00,14520.00,554913533,38217,102,D,14419.00,14517.00
Ehya.Sanaye.Co.,20190409,14180.00,14744.00,14180.00,14419.00,930736655,64551,114,D,14275.00,14489.00
Ehya.Sanaye.Co.,20190408,14001.00,14888.00,14001.00,14275.00,1662157109,116440,131,D,14378.00,14400.00
Ehya.Sanaye.Co.,20190407,14400.00,14650.00,14211.00,14378.00,3101368390,215698,251,D,14129.00,14350.00
Ehya.Sanaye.Co.,20190406,14585.00,14585.00,13950.00,14129.00,3213437771,227436,218,D,14635.00,14200.00
Ehya.Sanaye.Co.,20190331,14990.00,14990.00,14500.00,14635.00,1290837192,88204,71,D,14718.00,14700.00
Ehya.Sanaye.Co.,20190330,14401.00,14969.00,14401.00,14718.00,932892256,63383,88,D,14554.00,14800.00
Ehya.Sanaye.Co.,20190327,14206.00,15499.00,14206.00,14554.00,1484925597,102032,93,D,14570.00,14561.00
Ehya.Sanaye.Co.,20190326,14350.00,15200.00,14235.00,14570.00,1342542424,92142,157,D,14235.00,15040.00
Ehya.Sanaye.Co.,20190325,15540.00,15540.00,14000.00,14235.00,2534340826,178041,161,D,15102.00,14350.00
Ehya.Sanaye.Co.,20190319,15803.00,16558.00,14600.00,15102.00,3516960351,232887,252,D,16052.00,15151.00
Ehya.Sanaye.Co.,20190318,15445.00,16500.00,15054.00,16052.00,3573054335,222594,314,D,15054.00,16200.00
Ehya.Sanaye.Co.,20190317,14585.00,15500.00,14350.00,15054.00,4321003489,287027,256,D,14277.00,15120.00
Ehya.Sanaye.Co.,20190316,14680.00,14680.00,13555.00,14277.00,1718612328,120373,133,D,14094.00,14005.00
Ehya.Sanaye.Co.,20190313,13505.00,14340.00,13505.00,14094.00,2486114761,176393,185,D,13777.00,14270.00
Ehya.Sanaye.Co.,20190312,13701.00,14500.00,13500.00,13777.00,4901083511,355737,261,D,13668.00,13780.00
Ehya.Sanaye.Co.,20190311,14022.00,15470.00,13307.00,13668.00,6289780895,460182,276,D,14785.00,13863.00
Ehya.Sanaye.Co.,20190310,14755.00,15200.00,14356.00,14785.00,1480415451,100132,140,D,15180.00,14900.00
Ehya.Sanaye.Co.,20190309,15500.00,15990.00,14899.00,15180.00,2917556890,192196,123,D,16059.00,14980.00
Ehya.Sanaye.Co.,20190306,15660.00,16620.00,15255.00,16059.00,4735774903,294900,286,D,15478.00,15999.00
Ehya.Sanaye.Co.,20190305,15740.00,16049.00,14250.00,15478.00,9527193499,615520,484,D,14590.00,15790.00
Ehya.Sanaye.Co.,20190304,13211.00,14919.00,13200.00,14590.00,7515706139,515112,347,D,13563.00,14919.00
Ehya.Sanaye.Co.,20190303,13710.00,14300.00,13100.00,13563.00,2986230256,220172,255,D,14353.00,13677.00
Ehya.Sanaye.Co.,20190302,15188.00,15188.00,13755.00,14353.00,1474818994,102750,133,D,14781.00,14010.00
Ehya.Sanaye.Co.,20190227,14055.00,15150.00,14055.00,14781.00,5127959419,346925,286,D,14170.00,14533.00
Ehya.Sanaye.Co.,20190226,14102.00,15000.00,14102.00,14170.00,8457537806,596858,440,D,15668.00,14102.00
Ehya.Sanaye.Co.,20190225,15601.00,16168.00,15291.00,15668.00,4690293128,299347,295,D,16990.00,15291.00
Ehya.Sanaye.Co.,20190224,18830.00,18830.00,15500.00,16990.00,30164878476,1775401,1114,D,17119.00,15590.00
Ehya.Sanaye.Co.,20190223,17119.00,17119.00,17119.00,17119.00,3226486406,188474,81,D,15563.00,17119.00
Ehya.Sanaye.Co.,20190220,15563.00,15563.00,15563.00,15563.00,2612514121,167867,73,D,14149.00,15563.00
Ehya.Sanaye.Co.,20190219,13000.00,14359.00,12706.00,14149.00,2734579996,193271,138,D,13054.00,14359.00
Ehya.Sanaye.Co.,20190218,12510.00,13500.00,12510.00,13054.00,1345685498,103086,69,D,12641.00,13450.00
Ehya.Sanaye.Co.,20190217,12610.00,12900.00,12510.00,12641.00,590573813,46720,34,D,12827.00,12700.00
Ehya.Sanaye.Co.,20190216,12516.00,13082.00,12512.00,12827.00,1016663758,79261,53,D,12641.00,12800.00
Ehya.Sanaye.Co.,20190213,13000.00,13190.00,12500.00,12641.00,422517098,33425,55,D,12822.00,12600.00
Ehya.Sanaye.Co.,20190212,12755.00,13290.00,12700.00,12822.00,354092353,27615,41,D,13026.00,12700.00
Ehya.Sanaye.Co.,20190210,13051.00,13293.00,12756.00,13026.00,709288345,54451,46,D,13197.00,13000.00
Ehya.Sanaye.Co.,20190206,13002.00,13666.00,13002.00,13197.00,307421196,23295,42,D,13114.00,13150.00
Ehya.Sanaye.Co.,20190205,13255.00,13500.00,13000.00,13114.00,163587168,12474,28,D,13489.00,13347.00
Ehya.Sanaye.Co.,20190204,13705.00,13986.00,13300.00,13489.00,507054328,37589,52,D,13578.00,13393.00
Ehya.Sanaye.Co.,20190203,13436.00,13986.00,13260.00,13578.00,76050815,5601,28,D,13591.00,13700.00
Ehya.Sanaye.Co.,20190202,13255.00,14340.00,13255.00,13591.00,155136380,11415,23,D,14009.00,13999.00
Ehya.Sanaye.Co.,20190130,13940.00,14095.00,13759.00,14009.00,2012344909,143643,209,D,13765.00,13998.00
Ehya.Sanaye.Co.,20190129,12812.00,13990.00,12812.00,13765.00,2088997056,151757,131,D,13056.00,13990.00
Ehya.Sanaye.Co.,20190128,12952.00,13500.00,12680.00,13056.00,1840461071,140965,92,D,13063.00,13485.00
Ehya.Sanaye.Co.,20190127,13299.00,13299.00,12950.00,13063.00,669754403,51272,39,D,13062.00,13015.00
Ehya.Sanaye.Co.,20190126,13051.00,13478.00,13001.00,13062.00,301449950,23078,32,D,13165.00,13066.00
Ehya.Sanaye.Co.,20190123,13050.00,13899.00,13050.00,13165.00,549249926,41720,49,D,13506.00,13439.00
Ehya.Sanaye.Co.,20190122,12940.00,13950.00,12940.00,13506.00,197854459,14649,33,D,13011.00,13500.00
Ehya.Sanaye.Co.,20190121,13500.00,13680.00,12500.00,13011.00,671790786,51632,64,D,13695.00,12940.00
Ehya.Sanaye.Co.,20190120,13700.00,13990.00,13500.00,13695.00,1376957353,100545,65,D,13926.00,13799.00
Ehya.Sanaye.Co.,20190119,13560.00,14100.00,13560.00,13926.00,736167212,52862,108,D,13701.00,13970.00
Ehya.Sanaye.Co.,20190116,13433.00,14499.00,13340.00,13701.00,1421415847,103748,102,D,13661.00,13750.00
Ehya.Sanaye.Co.,20190115,13800.00,14096.00,13352.00,13661.00,1187258030,86907,84,D,13581.00,13880.00
Ehya.Sanaye.Co.,20190114,13453.00,13929.00,13300.00,13581.00,2036431330,149943,101,D,13733.00,13505.00
Ehya.Sanaye.Co.,20190113,13600.00,14109.00,13460.00,13733.00,660539908,48098,46,D,13683.00,13500.00
Ehya.Sanaye.Co.,20190112,13570.00,13990.00,13570.00,13683.00,821560530,60042,59,D,13632.00,13600.00
Ehya.Sanaye.Co.,20190109,13667.00,14000.00,13521.00,13632.00,643885974,47235,54,D,13835.00,13952.00
Ehya.Sanaye.Co.,20190108,14000.00,14100.00,13650.00,13835.00,634131711,45835,42,D,14058.00,13700.00
Ehya.Sanaye.Co.,20190107,13894.00,14148.00,13894.00,14058.00,423974675,30160,46,D,13894.00,13906.00
Ehya.Sanaye.Co.,20190106,13814.00,14290.00,13307.00,13894.00,1311293004,94375,71,D,13753.00,13700.00
Ehya.Sanaye.Co.,20190105,13756.00,14339.00,13257.00,13753.00,974402689,70848,66,D,14021.00,14300.00
Ehya.Sanaye.Co.,20190102,14900.00,14900.00,13800.00,14021.00,977623743,69724,60,D,14499.00,13900.00
Ehya.Sanaye.Co.,20190101,15225.00,15225.00,14336.00,14499.00,475958984,32826,39,D,15258.00,14520.00
Ehya.Sanaye.Co.,20181231,15500.00,15999.00,14715.00,15258.00,3804611014,249346,92,D,15144.00,14780.00
Ehya.Sanaye.Co.,20181230,15079.00,15547.00,14035.00,15144.00,3016654698,199192,140,D,14225.00,15340.00
Ehya.Sanaye.Co.,20181229,12801.00,14469.00,12801.00,14225.00,1144889171,80485,123,D,13283.00,14465.00
Ehya.Sanaye.Co.,20181226,12980.00,13989.00,12980.00,13283.00,866356318,65223,86,D,12879.00,13878.00
Ehya.Sanaye.Co.,20181225,13269.00,13269.00,12650.00,12879.00,342133981,26565,44,D,12778.00,12881.00
Ehya.Sanaye.Co.,20181224,12543.00,13380.00,12540.00,12778.00,554530535,43398,40,D,13044.00,12850.00
Ehya.Sanaye.Co.,20181223,12653.00,13449.00,12653.00,13044.00,388015179,29747,51,D,12882.00,12666.00
Ehya.Sanaye.Co.,20181222,12150.00,13500.00,12150.00,12882.00,184839084,14349,31,D,13161.00,12999.00
Ehya.Sanaye.Co.,20181219,12305.00,13496.00,12305.00,13161.00,186596221,14178,15,D,13393.00,12800.00
Ehya.Sanaye.Co.,20181218,12253.00,13570.00,12253.00,13393.00,220969515,16499,19,D,13041.00,13400.00
Ehya.Sanaye.Co.,20181217,13003.00,13598.00,13000.00,13041.00,114161735,8754,16,D,13579.00,13500.00
Ehya.Sanaye.Co.,20181216,13472.00,13877.00,13300.00,13579.00,415853319,30625,44,D,13472.00,13364.00
Ehya.Sanaye.Co.,20181215,14024.00,14445.00,13403.00,13472.00,173772490,12899,34,D,14024.00,13470.00
Ehya.Sanaye.Co.,20181212,14988.00,14988.00,13802.00,14024.00,575987991,41073,54,D,14890.00,13880.00
Ehya.Sanaye.Co.,20181210,15277.00,15277.00,14261.00,14890.00,508520562,34152,43,D,14950.00,14988.00
Ehya.Sanaye.Co.,20181209,14998.00,15398.00,14204.00,14950.00,1425457921,95346,121,D,14278.00,14450.00
Ehya.Sanaye.Co.,20181208,13890.00,14492.00,13890.00,14278.00,1891099566,132449,94,D,13175.00,14492.00
Ehya.Sanaye.Co.,20181205,13302.00,13303.00,12900.00,13175.00,711748444,54021,43,D,13361.00,13026.00
Ehya.Sanaye.Co.,20181204,14000.00,14000.00,13268.00,13361.00,597505621,44719,62,D,14061.00,13302.00
Ehya.Sanaye.Co.,20181203,13600.00,14625.00,13323.00,14061.00,577483272,41071,48,D,13448.00,13994.00
Ehya.Sanaye.Co.,20181202,13979.00,14899.00,12337.00,13448.00,2145383767,159526,93,D,13707.00,13600.00
Ehya.Sanaye.Co.,20181201,14999.00,14999.00,12861.00,13707.00,762658168,55641,60,D,14207.00,13010.00
Ehya.Sanaye.Co.,20181128,13650.00,14800.00,13201.00,14207.00,3357184643,236297,184,D,13463.00,14796.00
Ehya.Sanaye.Co.,20181127,12850.00,13592.00,12850.00,13463.00,1250270728,92866,105,D,12357.00,13592.00
Ehya.Sanaye.Co.,20181126,12200.00,12454.00,11999.00,12357.00,1600819182,129547,90,D,11322.00,12454.00
Ehya.Sanaye.Co.,20181124,11060.00,11999.00,11052.00,11322.00,165532614,14620,24,D,12059.00,11999.00
Ehya.Sanaye.Co.,20181121,12202.00,12400.00,11958.00,12059.00,174149264,14442,15,D,12847.00,12009.00
Ehya.Sanaye.Co.,20181120,13004.00,13198.00,12000.00,12847.00,187215426,14573,22,D,12544.00,12202.00
Ehya.Sanaye.Co.,20181119,12999.00,12999.00,12399.00,12544.00,150167319,11971,27,D,12118.00,12470.00
Ehya.Sanaye.Co.,20181118,12000.00,12599.00,11750.00,12118.00,411346428,33946,48,D,12222.00,11821.00
Ehya.Sanaye.Co.,20181117,12615.00,12710.00,11900.00,12222.00,721468399,59028,54,D,13030.00,12127.00
Ehya.Sanaye.Co.,20181114,13400.00,13400.00,13000.00,13030.00,79650600,6113,11,D,13181.00,13000.00
Ehya.Sanaye.Co.,20181113,13788.00,13800.00,12900.00,13181.00,633971106,48096,63,D,13494.00,13400.00
Ehya.Sanaye.Co.,20181112,13004.00,13869.00,13004.00,13494.00,349810617,25924,22,D,13243.00,13500.00
Ehya.Sanaye.Co.,20181111,13151.00,13900.00,13110.00,13243.00,97258016,7344,14,D,13973.00,13112.00
Ehya.Sanaye.Co.,20181110,13998.00,14300.00,13338.00,13973.00,342205369,24491,35,D,13261.00,13346.00
Ehya.Sanaye.Co.,20181106,13870.00,13888.00,13099.00,13261.00,307083813,23157,35,D,13796.00,13150.00
Ehya.Sanaye.Co.,20181105,12500.00,14499.00,12500.00,13796.00,193691064,14040,21,D,13618.00,13500.00
Ehya.Sanaye.Co.,20181104,14458.00,14458.00,12603.00,13618.00,296024400,21737,42,D,13979.00,12830.00
Ehya.Sanaye.Co.,20181103,14450.00,14485.00,13170.00,13979.00,483689210,34600,31,D,13898.00,13201.00
Ehya.Sanaye.Co.,20181031,14999.00,14999.00,13753.00,13898.00,530845498,38197,30,D,14785.00,13798.00
Ehya.Sanaye.Co.,20181029,14979.00,15250.00,14050.00,14785.00,731053167,49446,43,D,14782.00,14100.00
Ehya.Sanaye.Co.,20181028,14993.00,15180.00,13560.00,14782.00,792369256,53602,41,D,13970.00,14006.00
Ehya.Sanaye.Co.,20181027,14089.00,14190.00,13005.00,13970.00,1288853707,92260,76,D,12900.00,14000.00
Ehya.Sanaye.Co.,20181024,12700.00,14024.00,11884.00,12900.00,1389369452,107704,91,D,13203.00,12750.00
Ehya.Sanaye.Co.,20181023,15180.00,15180.00,12515.00,13203.00,816411252,61834,47,D,13905.00,12900.00
Ehya.Sanaye.Co.,20181022,15800.00,15800.00,13625.00,13905.00,244576290,17589,41,D,15138.00,13625.00
Ehya.Sanaye.Co.,20181021,15900.00,15900.00,14700.00,15138.00,798889871,52774,63,D,14743.00,15291.00
Ehya.Sanaye.Co.,20181020,15000.00,15890.00,13751.00,14743.00,1784140294,121014,184,D,14466.00,15790.00
Ehya.Sanaye.Co.,20181017,15400.00,15400.00,12902.00,14466.00,182218630,12596,36,D,14142.00,14533.00
Ehya.Sanaye.Co.,20181016,14160.00,14160.00,14000.00,14142.00,551398400,38990,40,D,12873.00,14160.00
Ehya.Sanaye.Co.,20181015,12890.00,12900.00,12501.00,12873.00,139092917,10805,16,D,11728.00,12900.00
Ehya.Sanaye.Co.,20181014,10905.00,13294.00,10905.00,11728.00,1106622477,94356,82,D,12116.00,12988.00
Ehya.Sanaye.Co.,20181013,13490.00,13490.00,11961.00,12116.00,91836348,7580,24,D,13290.00,11961.00
Ehya.Sanaye.Co.,20181010,13610.00,13954.00,12999.00,13290.00,822304174,61872,65,D,12714.00,13439.00
Ehya.Sanaye.Co.,20181009,12000.00,12733.00,12000.00,12714.00,804600568,63285,37,D,11576.00,12733.00
Ehya.Sanaye.Co.,20181008,12000.00,12500.00,11320.00,11576.00,671427387,58002,57,D,12562.00,11700.00
Ehya.Sanaye.Co.,20181007,12485.00,13000.00,12485.00,12562.00,2011117974,160099,91,D,13872.00,12485.00
Ehya.Sanaye.Co.,20181006,16440.00,16440.00,13462.00,13872.00,604199812,43556,58,D,14957.00,13462.00
Ehya.Sanaye.Co.,20181003,14800.00,16000.00,14710.00,14957.00,828323120,55381,76,D,15951.00,15300.00
Ehya.Sanaye.Co.,20181002,18100.00,18100.00,15807.00,15951.00,3374090636,211530,120,D,17563.00,15807.00
Ehya.Sanaye.Co.,20181001,18002.00,18750.00,17088.00,17563.00,2091313657,119076,124,D,18986.00,18000.00
Ehya.Sanaye.Co.,20180930,20820.00,20820.00,18012.00,18986.00,6232820332,328285,310,D,18936.00,18800.00
Ehya.Sanaye.Co.,20180929,18600.00,19006.00,17499.00,18936.00,2416217665,127602,113,D,17279.00,19006.00
Ehya.Sanaye.Co.,20180926,16500.00,17513.00,16200.00,17279.00,1530721013,88586,85,D,15921.00,17513.00
Ehya.Sanaye.Co.,20180925,15496.00,16400.00,15300.00,15921.00,1292455640,81177,103,D,14999.00,16180.00
Ehya.Sanaye.Co.,20180924,15699.00,15777.00,14800.00,14999.00,799285788,53288,70,D,15293.00,14800.00
Ehya.Sanaye.Co.,20180923,14500.00,16798.00,14500.00,15293.00,1070415092,69994,83,D,15966.00,15050.00
Ehya.Sanaye.Co.,20180922,15750.00,16399.00,13712.00,15966.00,1394539657,87344,192,D,14978.00,16200.00
Ehya.Sanaye.Co.,20180918,15500.00,15777.00,14200.00,14978.00,1414150987,94418,101,D,15761.00,15400.00
Ehya.Sanaye.Co.,20180917,15701.00,17000.00,15000.00,15761.00,914055459,57994,72,D,16241.00,15500.00
Ehya.Sanaye.Co.,20180916,17765.00,17765.00,15650.00,16241.00,630836088,38842,74,D,17213.00,16100.00
Ehya.Sanaye.Co.,20180915,17377.00,18000.00,16505.00,17213.00,1806437527,104946,100,D,17033.00,16505.00
Ehya.Sanaye.Co.,20180912,17650.00,17900.00,16310.00,17033.00,3034122012,178128,139,D,16416.00,17100.00
Ehya.Sanaye.Co.,20180911,18341.00,18341.00,15260.00,16416.00,3386212549,206280,254,D,16687.00,15700.00
Ehya.Sanaye.Co.,20180910,16537.00,18190.00,16214.00,16687.00,4886160814,292804,187,D,15034.00,17849.00
Ehya.Sanaye.Co.,20180905,14999.00,15130.00,14990.00,15034.00,521838132,34711,36,D,13760.00,15129.00
Ehya.Sanaye.Co.,20180904,13563.00,14899.00,13101.00,13760.00,2245601672,163202,144,D,12330.00,14450.00
Ehya.Sanaye.Co.,20180903,12400.00,12400.00,12200.00,12330.00,28360000,2300,4,D,11536.00,12200.00
Ehya.Sanaye.Co.,20180902,11556.00,11556.00,10562.00,11536.00,4138195598,358734,131,D,10506.00,11556.00
Ehya.Sanaye.Co.,20180901,10506.00,10506.00,10506.00,10506.00,414860928,39488,32,D,9551.00,10506.00
Ehya.Sanaye.Co.,20180829,9490.00,10316.00,9000.00,9551.00,11931818121,1249288,193,D,9379.00,10316.00
Ehya.Sanaye.Co.,20180828,9150.00,9499.00,9099.00,9379.00,761388313,81180,73,D,8722.00,9499.00
Ehya.Sanaye.Co.,20180827,8571.00,9079.00,8500.00,8722.00,1321898186,151553,81,D,8895.00,9069.00
Ehya.Sanaye.Co.,20180826,8950.00,9298.00,8512.00,8895.00,431737508,48539,61,D,8801.00,9000.00
Ehya.Sanaye.Co.,20180825,9200.00,9200.00,8600.00,8801.00,180812652,20545,33,D,8956.00,8895.00
Ehya.Sanaye.Co.,20180821,9001.00,9498.00,8750.00,8956.00,676619481,75550,45,D,9222.00,8999.00
Ehya.Sanaye.Co.,20180820,8820.00,9879.00,8820.00,9222.00,333563581,36172,27,D,9275.00,9000.00
Ehya.Sanaye.Co.,20180819,9675.00,9890.00,8600.00,9275.00,2462407781,265493,133,D,9190.00,9600.00
Ehya.Sanaye.Co.,20180818,9429.00,9880.00,8600.00,9190.00,225987664,24591,32,D,9435.00,9689.00
Ehya.Sanaye.Co.,20180815,9900.00,9999.00,9300.00,9435.00,120426255,12764,37,D,9394.00,9363.00
Ehya.Sanaye.Co.,20180814,9000.00,9900.00,8889.00,9394.00,1287091263,137009,76,D,9407.00,9590.00
Ehya.Sanaye.Co.,20180813,10050.00,10050.00,9405.00,9407.00,1045848055,111177,64,D,10450.00,9405.00
Ehya.Sanaye.Co.,20180812,11139.00,12250.00,10026.00,10450.00,1565995811,149854,107,D,10127.00,10026.00
Ehya.Sanaye.Co.,20180807,9839.00,10500.00,9839.00,10127.00,1814838119,179213,64,D,8945.00,10397.00
Ehya.Sanaye.Co.,20180806,8888.00,9193.00,8400.00,8945.00,168136890,18796,6,D,8535.00,9189.00
Ehya.Sanaye.Co.,20180805,8800.00,8800.00,8100.00,8535.00,696110115,81559,43,D,8162.00,8349.00
Ehya.Sanaye.Co.,20180804,8368.00,8368.00,7613.00,8162.00,1247498098,152842,122,D,7608.00,8199.00
Ehya.Sanaye.Co.,20180801,7608.00,7608.00,7608.00,7608.00,303003816,39827,20,D,6917.00,7608.00
Ehya.Sanaye.Co.,20180731,6350.00,7000.00,6301.00,6917.00,322225294,46583,34,D,6364.00,7000.00
Ehya.Sanaye.Co.,20180730,6620.00,6620.00,6260.00,6364.00,418905773,65826,36,D,6643.00,6425.00
Ehya.Sanaye.Co.,20180729,6562.00,6994.00,6562.00,6643.00,145885905,21961,23,D,6648.00,6600.00
Ehya.Sanaye.Co.,20180728,6999.00,7280.00,6440.00,6648.00,299973030,45122,66,D,7155.00,6580.00
Ehya.Sanaye.Co.,20180725,7900.00,8000.00,6700.00,7155.00,1427539705,199526,132,D,7444.00,6701.00
Ehya.Sanaye.Co.,20180724,7000.00,7459.00,7000.00,7444.00,1253541598,168407,159,D,6781.00,7459.00
Ehya.Sanaye.Co.,20180723,6589.00,6839.00,6480.00,6781.00,982199180,144845,111,D,6218.00,6839.00
Ehya.Sanaye.Co.,20180722,6150.00,6270.00,5951.00,6218.00,276465409,44459,44,D,5700.00,6270.00
Ehya.Sanaye.Co.,20180721,5999.00,5999.00,5651.00,5700.00,56301610,9878,22,D,6144.00,5706.00
Ehya.Sanaye.Co.,20180718,6082.00,6419.00,5847.00,6144.00,113183214,18421,13,D,6496.00,5880.00
Ehya.Sanaye.Co.,20180717,6599.00,6700.00,6060.00,6496.00,172807748,26603,17,D,6205.00,6480.00
Ehya.Sanaye.Co.,20180716,6780.00,6780.00,6700.00,6205.00,31245108,4616,9,D,6192.00,6769.00
Ehya.Sanaye.Co.,20180710,6480.00,6690.00,6100.00,6542.00,122568236,18736,22,D,6428.00,6581.00
Ehya.Sanaye.Co.,20180708,6300.00,6590.00,6300.00,6428.00,179928560,27992,48,D,6981.00,6551.00
Ehya.Sanaye.Co.,20180707,7212.00,7212.00,6400.00,6981.00,165151695,23659,18,D,6565.00,6400.00
Ehya.Sanaye.Co.,20180627,6901.00,6930.00,6410.00,6565.00,173824946,26478,32,D,6712.00,6680.00
Ehya.Sanaye.Co.,20180626,6250.00,7019.00,6250.00,6712.00,149246097,22237,16,D,6827.00,6425.00
Ehya.Sanaye.Co.,20180625,6713.00,7279.00,6378.00,6827.00,1135892779,166382,74,D,7086.00,6880.00
Ehya.Sanaye.Co.,20180624,7045.00,7378.00,6711.00,7086.00,540286296,76247,47,D,6879.00,6987.00
Ehya.Sanaye.Co.,20180623,7622.00,7622.00,6859.00,6879.00,491834090,71503,66,D,7621.00,6873.00
Ehya.Sanaye.Co.,20180620,7750.00,7750.00,7240.00,7621.00,382334412,50167,27,D,7152.00,7262.00
Ehya.Sanaye.Co.,20180619,7400.00,7400.00,7081.00,7152.00,545541577,76278,43,D,7867.00,7150.00
Ehya.Sanaye.Co.,20180618,8899.00,8899.00,7781.00,7867.00,329107845,41833,36,D,8645.00,7781.00
Ehya.Sanaye.Co.,20180617,8950.00,8980.00,8002.00,8645.00,244893490,28327,37,D,8366.00,8050.00
Ehya.Sanaye.Co.,20180613,8460.00,8461.00,8010.00,8366.00,300375270,35905,25,D,7693.00,8300.00
Ehya.Sanaye.Co.,20180612,7680.00,7749.00,7100.00,7693.00,1015442947,131995,54,D,7045.00,7749.00
Ehya.Sanaye.Co.,20180611,6850.00,7054.00,6850.00,7045.00,1154841409,163932,90,D,6413.00,7054.00
Ehya.Sanaye.Co.,20180610,6401.00,6989.00,6310.00,6413.00,311148257,48516,50,D,7011.00,6327.00
Ehya.Sanaye.Co.,20180609,7350.00,7350.00,6520.00,7011.00,113183761,16143,16,D,7194.00,6600.00
Ehya.Sanaye.Co.,20180603,7200.00,7301.00,7001.00,7194.00,118395259,16458,24,D,7451.00,7297.00
Ehya.Sanaye.Co.,20180602,7340.00,7600.00,7250.00,7451.00,78613200,10550,8,D,7412.00,7488.00
Ehya.Sanaye.Co.,20180530,7500.00,7731.00,7350.00,7412.00,94108260,12696,18,D,7591.00,7598.00
Ehya.Sanaye.Co.,20180529,7354.00,7758.00,7354.00,7591.00,286912003,37798,22,D,7622.00,7758.00
Ehya.Sanaye.Co.,20180528,7500.00,7899.00,7498.00,7622.00,299645887,39313,28,D,7541.00,7669.00
Ehya.Sanaye.Co.,20180527,7050.00,7865.00,7050.00,7541.00,124311077,16485,28,D,7681.00,7690.00
Ehya.Sanaye.Co.,20180526,6711.00,7970.00,6711.00,7681.00,101201936,13175,25,D,7323.00,7500.00
Ehya.Sanaye.Co.,20180523,7401.00,7800.00,7000.00,7323.00,528455289,72164,93,D,7265.00,7501.00
Ehya.Sanaye.Co.,20180522,7717.00,7717.00,6710.00,7265.00,265739695,36578,32,D,7356.00,7376.00
Ehya.Sanaye.Co.,20180521,7600.00,7879.00,7170.00,7356.00,371400450,50490,44,D,7797.00,7469.00
Ehya.Sanaye.Co.,20180520,7900.00,8090.00,7501.00,7797.00,334851713,42948,30,D,7584.00,7505.00
Ehya.Sanaye.Co.,20180519,7517.00,7900.00,7300.00,7584.00,362166801,47755,66,D,7743.00,7776.00
Ehya.Sanaye.Co.,20180516,8185.00,8189.00,7451.00,7743.00,755041087,97514,126,D,7976.00,7880.00
Ehya.Sanaye.Co.,20180515,7989.00,8000.00,7603.00,7976.00,299730364,37581,32,D,7776.00,7999.00
Ehya.Sanaye.Co.,20180514,8198.00,8198.00,7742.00,7776.00,1174264323,151020,54,D,8602.00,7746.00
Ehya.Sanaye.Co.,20180513,8893.00,8893.00,7501.00,8602.00,1696545760,197225,92,D,8085.00,8198.00
Ehya.Sanaye.Co.,20180512,7459.00,8204.00,7459.00,8085.00,1466207475,181341,97,D,6781.00,8204.00
Ehya.Sanaye.Co.,20180507,6781.00,6781.00,6781.00,6781.00,66358866,9786,4,D,6165.00,6781.00
Ehya.Sanaye.Co.,20180506,6227.00,6238.00,5353.00,6165.00,1902435771,308596,120,D,5671.00,6238.00
Ehya.Sanaye.Co.,20180505,5057.00,5893.00,5057.00,5671.00,676138484,119235,44,D,5358.00,5893.00
Ehya.Sanaye.Co.,20180501,5060.00,5700.00,5060.00,5358.00,455324846,84985,24,D,5302.00,5680.00
Ehya.Sanaye.Co.,20180430,5162.00,5589.00,5162.00,5302.00,354749432,66907,29,D,5470.00,5358.00
Ehya.Sanaye.Co.,20180429,5400.00,5555.00,5400.00,5470.00,110317620,20167,17,D,5339.00,5501.00
Ehya.Sanaye.Co.,20180428,5281.00,5565.00,5281.00,5339.00,809808857,151674,99,D,5467.00,5500.00
Ehya.Sanaye.Co.,20180425,5521.00,5680.00,5255.00,5467.00,1056745418,193308,76,D,5730.00,5600.00
Ehya.Sanaye.Co.,20180424,5575.00,5790.00,5500.00,5730.00,644969308,112566,74,D,5264.00,5521.00
Ehya.Sanaye.Co.,20180423,5260.00,5287.00,5039.00,5264.00,684984850,130135,46,D,4807.00,5287.00
Ehya.Sanaye.Co.,20180422,4500.00,4913.00,4500.00,4807.00,2521709398,524639,126,D,4467.00,4913.00
Ehya.Sanaye.Co.,20180421,4164.00,4495.00,4164.00,4467.00,136270492,30503,11,D,4159.00,4495.00
Ehya.Sanaye.Co.,20180418,4153.00,4161.00,4153.00,4159.00,12077054,2904,3,D,4333.00,4160.00
Ehya.Sanaye.Co.,20180417,3901.00,4420.00,3901.00,4333.00,323952460,74763,42,D,4019.00,4420.00
Ehya.Sanaye.Co.,20180416,3864.00,4050.00,3864.00,4019.00,19005280,4729,5,D,4025.00,4050.00
Ehya.Sanaye.Co.,20180415,4100.00,4100.00,4000.00,4025.00,84156600,20910,6,D,4265.00,4060.00
Ehya.Sanaye.Co.,20180411,4300.00,4500.00,4212.00,4265.00,273919284,64222,21,D,4269.00,4215.00
Ehya.Sanaye.Co.,20180410,3853.00,4300.00,3853.00,4269.00,654857330,153386,18,D,4015.00,4298.00
Ehya.Sanaye.Co.,20180409,3952.00,4020.00,4013.00,4015.00,101751820,25341,8,D,4150.00,4020.00
Ehya.Sanaye.Co.,20180408,4151.00,4151.00,4150.00,4150.00,26972850,6499,3,D,4181.00,4150.00
Ehya.Sanaye.Co.,20180407,4200.00,4200.00,4157.00,4181.00,42900564,10260,3,D,4213.00,4157.00
Ehya.Sanaye.Co.,20180404,4200.00,4322.00,4200.00,4213.00,24571800,5833,4,D,4322.00,4322.00
Ehya.Sanaye.Co.,20180403,4349.00,4349.00,4300.00,4322.00,48104000,11130,4,D,4285.00,4300.00
Ehya.Sanaye.Co.,20180328,4101.00,4396.00,4101.00,4285.00,134076768,31292,22,D,4100.00,4250.00
Ehya.Sanaye.Co.,20180327,4100.00,4100.00,4100.00,4100.00,7019200,1712,1,D,4097.00,4100.00
Ehya.Sanaye.Co.,20180326,4056.00,4200.00,4056.00,4097.00,11353415,2771,4,D,4037.00,4063.00
Ehya.Sanaye.Co.,20180325,4289.00,4289.00,4011.00,4037.00,43997900,10900,2,D,4080.00,4011.00
Ehya.Sanaye.Co.,20180319,4015.00,4290.00,4015.00,4080.00,25938370,6357,8,D,4222.00,4290.00
Ehya.Sanaye.Co.,20180318,4025.00,4299.00,4025.00,4222.00,95979885,22733,16,D,3917.00,4299.00
Ehya.Sanaye.Co.,20180317,3860.00,4050.00,3860.00,3917.00,18056400,4610,6,D,4050.00,4001.00
Ehya.Sanaye.Co.,20180314,4050.00,4050.00,4050.00,4050.00,4050000,1000,1,D,4060.00,4050.00
Ehya.Sanaye.Co.,20180313,4200.00,4200.00,4050.00,4060.00,5895600,1452,2,D,4048.00,4050.00
Ehya.Sanaye.Co.,20180312,4056.00,4200.00,3980.00,4048.00,66130023,16338,6,D,4085.00,4044.00
Ehya.Sanaye.Co.,20180311,4080.00,4110.00,4080.00,4085.00,8579500,2100,3,D,4098.00,4100.00
Ehya.Sanaye.Co.,20180307,4255.00,4255.00,4062.00,4098.00,106788354,26060,25,D,4268.00,4101.00
Ehya.Sanaye.Co.,20180306,4259.00,4275.00,4255.00,4268.00,39202915,9185,8,D,4357.00,4272.00
Ehya.Sanaye.Co.,20180305,4400.00,4400.00,4300.00,4357.00,104142500,23900,23,D,4427.00,4301.00
Ehya.Sanaye.Co.,20180304,4350.00,4501.00,4350.00,4427.00,71645140,16182,14,D,4432.00,4370.00
Ehya.Sanaye.Co.,20180303,4750.00,4750.00,4350.00,4432.00,250426869,56510,28,D,4608.00,4350.00
Ehya.Sanaye.Co.,20180228,4651.00,4889.00,4500.00,4608.00,256437548,55649,32,D,4773.00,4530.00
Ehya.Sanaye.Co.,20180227,5100.00,5100.00,4741.00,4773.00,81828534,17144,13,D,5044.00,4779.00
Ehya.Sanaye.Co.,20180226,5299.00,5299.00,4850.00,5044.00,152813976,30298,23,D,5108.00,5218.00
Ehya.Sanaye.Co.,20180225,4700.00,5177.00,4700.00,5108.00,1478272265,289430,109,D,4707.00,5177.00
Ehya.Sanaye.Co.,20180224,4710.00,4715.00,4700.00,4707.00,59626065,12667,10,D,4890.00,4700.00
Ehya.Sanaye.Co.,20180221,4710.00,4990.00,4710.00,4890.00,5868000,1200,4,D,4836.00,4950.00
Ehya.Sanaye.Co.,20180219,4805.00,4860.00,4805.00,4836.00,42883460,8867,8,D,4894.00,4860.00
Ehya.Sanaye.Co.,20180218,4750.00,5099.00,4750.00,4894.00,124396109,25417,19,D,4830.00,4800.00
Ehya.Sanaye.Co.,20180217,5020.00,5020.00,4734.00,4830.00,164140626,33984,20,D,5120.00,4781.00
Ehya.Sanaye.Co.,20180214,5200.00,5200.00,5010.00,5120.00,171898703,33577,19,D,5272.00,5150.00
Ehya.Sanaye.Co.,20180213,5240.00,5549.00,5000.00,5272.00,752649131,142762,62,D,5069.00,5295.00
Ehya.Sanaye.Co.,20180212,4520.00,5131.00,4520.00,5069.00,1834493704,361901,64,D,4665.00,5131.00
Ehya.Sanaye.Co.,20180207,4550.00,4700.00,4550.00,4665.00,47176920,10112,9,D,4594.00,4700.00
Ehya.Sanaye.Co.,20180206,4638.00,4650.00,4559.00,4594.00,37713276,8209,11,D,4674.00,4600.00
Ehya.Sanaye.Co.,20180205,4620.00,4940.00,4620.00,4674.00,85904917,18379,20,D,4766.00,4685.00
Ehya.Sanaye.Co.,20180203,5000.00,5099.00,4600.00,4766.00,296777346,62270,26,D,4901.00,5099.00
Ehya.Sanaye.Co.,20180131,4901.00,5109.00,4788.00,4901.00,150692997,30746,20,D,4977.00,5109.00
Ehya.Sanaye.Co.,20180130,4475.00,5200.00,4475.00,4977.00,233324241,46885,55,D,4790.00,5199.00
Ehya.Sanaye.Co.,20180129,4500.00,4995.00,4500.00,4790.00,53468671,11162,13,D,4653.00,4990.00
Ehya.Sanaye.Co.,20180128,5050.00,5050.00,4501.00,4653.00,130688293,28088,28,D,4893.00,4810.00
Ehya.Sanaye.Co.,20180127,5050.00,5050.00,4788.00,4893.00,479783328,98065,70,D,5319.00,4788.00
Ehya.Sanaye.Co.,20180124,5799.00,5799.00,5031.00,5319.00,487835655,91709,89,D,5329.00,5100.00
Ehya.Sanaye.Co.,20180123,5329.00,5329.00,5299.00,5329.00,2112941008,396518,148,D,4845.00,5329.00
Ehya.Sanaye.Co.,20180122,4845.00,4845.00,4845.00,4845.00,139579605,28809,12,D,4405.00,4845.00
Ehya.Sanaye.Co.,20180121,4405.00,4405.00,4405.00,4405.00,153787360,34912,8,D,4005.00,4405.00
Ehya.Sanaye.Co.,20180120,4005.00,4005.00,4005.00,4005.00,88718760,22152,16,D,3641.00,4005.00
Ehya.Sanaye.Co.,20180117,3700.00,3700.00,3600.00,3641.00,7929200,2178,4,D,3701.00,3600.00
Ehya.Sanaye.Co.,20180115,3680.00,3800.00,3562.00,3701.00,100481130,27153,13,D,3503.00,3601.00
Ehya.Sanaye.Co.,20180114,3537.00,3537.00,3490.00,3503.00,40691400,11616,8,D,3537.00,3537.00
Ehya.Sanaye.Co.,20180110,3570.00,3750.00,3460.00,3537.00,12691340,3588,8,D,3573.00,3460.00
Ehya.Sanaye.Co.,20180108,3600.00,3749.00,3503.00,3573.00,54902112,15366,14,D,3632.00,3749.00
Ehya.Sanaye.Co.,20180107,3623.00,3650.00,3621.00,3632.00,32570851,8968,12,D,3677.00,3650.00
Ehya.Sanaye.Co.,20180106,3506.00,3815.00,3506.00,3677.00,89707861,24396,19,D,3506.00,3810.00
Ehya.Sanaye.Co.,20180103,3779.00,3779.00,3500.00,3506.00,69940640,19950,13,D,3790.00,3500.00
Ehya.Sanaye.Co.,20180101,3790.00,3790.00,3790.00,3790.00,19992250,5275,2,D,3588.00,3790.00
Ehya.Sanaye.Co.,20171231,3737.00,3742.00,3436.00,3588.00,126238966,35183,15,D,3809.00,3500.00
Ehya.Sanaye.Co.,20171230,3800.00,3863.00,3800.00,3809.00,55426776,14553,11,D,3863.00,3863.00
Ehya.Sanaye.Co.,20171227,3640.00,3900.00,3640.00,3863.00,34763565,8999,8,D,3728.00,3900.00
Ehya.Sanaye.Co.,20171226,3751.00,3761.00,3601.00,3728.00,107613546,28864,22,D,3929.00,3754.00
Ehya.Sanaye.Co.,20171225,4080.00,4100.00,3900.00,3929.00,100965020,25700,16,D,4079.00,3911.00
Ehya.Sanaye.Co.,20171224,4101.00,4101.00,4000.00,4079.00,69523795,17043,14,D,4102.00,4000.00
Ehya.Sanaye.Co.,20171223,4160.00,4160.00,4100.00,4102.00,32815900,8000,7,D,4103.00,4100.00
Ehya.Sanaye.Co.,20171220,4080.00,4199.00,4065.00,4103.00,83787558,20421,16,D,4098.00,4065.00
Ehya.Sanaye.Co.,20171219,4065.00,4100.00,4065.00,4098.00,41860190,10216,6,D,4155.00,4100.00
Ehya.Sanaye.Co.,20171218,4400.00,4400.00,4150.00,4155.00,111835200,26918,12,D,4214.00,4150.00
Ehya.Sanaye.Co.,20171217,4204.00,4467.00,4200.00,4214.00,164405940,39014,18,D,4215.00,4210.00
Ehya.Sanaye.Co.,20171216,4201.00,4232.00,4200.00,4215.00,27338326,6486,6,D,4516.00,4232.00
Ehya.Sanaye.Co.,20171213,4455.00,4987.00,4455.00,4516.00,81839213,18121,5,D,4650.00,4460.00
Ehya.Sanaye.Co.,20171211,4655.00,5000.00,4400.00,4650.00,391746114,84249,28,D,4757.00,4617.00
Ehya.Sanaye.Co.,20171210,4700.00,4779.00,4255.00,4757.00,1018670196,214163,68,D,4345.00,4779.00
Ehya.Sanaye.Co.,20171209,4319.00,4449.00,4100.00,4345.00,405284053,93278,38,D,4045.00,4449.00
Ehya.Sanaye.Co.,20171205,4050.00,4050.00,4002.00,4045.00,37949100,9382,18,D,4015.00,4050.00
Ehya.Sanaye.Co.,20171204,4060.00,4060.00,3901.00,4015.00,66179520,16485,14,D,4058.00,4001.00
Ehya.Sanaye.Co.,20171203,4100.00,4199.00,4002.00,4058.00,61084182,15052,16,D,4084.00,4081.00
Ehya.Sanaye.Co.,20171202,4041.00,4285.00,4041.00,4084.00,12255335,3001,5,D,4081.00,4260.00
Ehya.Sanaye.Co.,20171129,4070.00,4300.00,4064.00,4081.00,13958667,3420,10,D,4332.00,4064.00
Ehya.Sanaye.Co.,20171128,4020.00,4389.00,4020.00,4332.00,180331020,41625,10,D,4020.00,4064.00
Ehya.Sanaye.Co.,20171126,4020.00,4020.00,4020.00,4020.00,14910180,3709,7,D,4214.00,4020.00
Ehya.Sanaye.Co.,20171125,4170.00,4250.00,4170.00,4214.00,9270000,2200,3,D,4153.00,4250.00
Ehya.Sanaye.Co.,20171122,4150.00,4170.00,4150.00,4153.00,41890990,10086,8,D,4197.00,4170.00
Ehya.Sanaye.Co.,20171120,4200.00,4200.00,4181.00,4197.00,76602932,18250,8,D,4205.00,4200.00
Ehya.Sanaye.Co.,20171118,4299.00,4400.00,4181.00,4205.00,83347832,19822,8,D,4165.00,4192.00
Ehya.Sanaye.Co.,20171115,4157.00,4168.00,4157.00,4165.00,26968924,6475,2,D,4379.00,4168.00
Ehya.Sanaye.Co.,20171114,4399.00,4399.00,4151.00,4379.00,96060844,21935,4,D,4184.00,4350.00
Ehya.Sanaye.Co.,20171113,4162.00,4190.00,4162.00,4184.00,144218372,34469,17,D,4162.00,4190.00
Ehya.Sanaye.Co.,20171111,4239.00,4239.00,4070.00,4162.00,172297749,41395,14,D,4293.00,4201.00
Ehya.Sanaye.Co.,20171108,4301.00,4908.00,4237.00,4293.00,340876552,79412,50,D,4707.00,4278.00
Ehya.Sanaye.Co.,20171107,4610.00,4850.00,4600.00,4707.00,126857425,26953,20,D,4466.00,4844.00
Ehya.Sanaye.Co.,20171106,4299.00,4615.00,4220.00,4466.00,867984802,194338,67,D,4196.00,4615.00
Ehya.Sanaye.Co.,20171105,4043.00,4290.00,4043.00,4196.00,500532203,119280,63,D,3900.00,4290.00
Ehya.Sanaye.Co.,20171104,3932.00,4140.00,3801.00,3900.00,201182937,51583,27,D,3943.00,3900.00
Ehya.Sanaye.Co.,20171101,3980.00,3980.00,3900.00,3943.00,71985769,18256,20,D,4182.00,3921.00
Ehya.Sanaye.Co.,20171031,4299.00,4299.00,3900.00,4182.00,172652823,41287,15,D,4122.00,4099.00
Ehya.Sanaye.Co.,20171030,4380.00,4380.00,4001.00,4122.00,63268569,15350,18,D,4076.00,4198.00
Ehya.Sanaye.Co.,20171029,4220.00,4225.00,4002.00,4076.00,27719100,6801,7,D,4256.00,4100.00
Ehya.Sanaye.Co.,20171028,4300.00,4300.00,4070.00,4256.00,47042480,11054,6,D,4050.00,4070.00
Ehya.Sanaye.Co.,20171025,4005.00,4050.00,4005.00,4050.00,17759205,4385,6,D,4311.00,4050.00
Ehya.Sanaye.Co.,20171024,3825.00,4380.00,3825.00,4311.00,50336382,11675,13,D,4230.00,4380.00
Ehya.Sanaye.Co.,20171023,4141.00,4299.00,4141.00,4230.00,44398918,10496,14,D,4193.00,4250.00
Ehya.Sanaye.Co.,20171022,4203.00,4460.00,4141.00,4193.00,402048349,95886,48,D,4601.00,4141.00
Ehya.Sanaye.Co.,20171021,4500.00,4699.00,4400.00,4601.00,36806049,8000,8,D,4487.00,4400.00
Ehya.Sanaye.Co.,20171018,4400.00,4601.00,4400.00,4487.00,782211646,174331,78,D,4183.00,4444.00
Ehya.Sanaye.Co.,20171017,3855.00,4244.00,3700.00,4183.00,301150486,71992,59,D,3859.00,4244.00
Ehya.Sanaye.Co.,20171016,3731.00,3995.00,3731.00,3859.00,24406114,6324,5,D,3974.00,3910.00
Ehya.Sanaye.Co.,20171015,3602.00,4090.00,3602.00,3974.00,91702345,23077,14,D,3863.00,3800.00
Ehya.Sanaye.Co.,20171014,4120.00,4120.00,3805.00,3863.00,5110560,1323,3,D,3777.00,3805.00
Ehya.Sanaye.Co.,20171011,3700.00,4200.00,3700.00,3777.00,52861000,13995,6,D,4038.00,3780.00
Ehya.Sanaye.Co.,20171010,3950.00,4420.00,3950.00,4038.00,37387098,9259,10,D,4354.00,3999.00
Ehya.Sanaye.Co.,20171009,4500.00,4500.00,3907.00,4354.00,23411674,5377,25,D,4234.00,4200.00
Ehya.Sanaye.Co.,20171008,4271.00,4301.00,4209.00,4234.00,187997093,44397,20,D,4676.00,4209.00
Ehya.Sanaye.Co.,20171007,4394.00,4698.00,4394.00,4676.00,93529330,20000,10,D,4392.00,4697.00
Ehya.Sanaye.Co.,20171004,4300.00,4500.00,4300.00,4392.00,21693100,4939,8,D,4641.00,4500.00
Ehya.Sanaye.Co.,20171003,4460.00,4799.00,4460.00,4641.00,132128200,28472,18,D,4773.00,4500.00
Ehya.Sanaye.Co.,20171002,4701.00,4933.00,4501.00,4773.00,82349832,17252,10,D,4938.00,4933.00
Ehya.Sanaye.Co.,20170927,4870.00,5119.00,4701.00,4938.00,79921691,16185,11,D,5109.00,4701.00
Ehya.Sanaye.Co.,20170926,4881.00,5213.00,4881.00,5109.00,250968222,49124,30,D,5228.00,4883.00
Ehya.Sanaye.Co.,20170925,4680.00,5314.00,4680.00,5228.00,610795909,116835,32,D,4932.00,5100.00
Ehya.Sanaye.Co.,20170924,4890.00,5339.00,4469.00,4932.00,156154480,31660,35,D,4965.00,5240.00
Ehya.Sanaye.Co.,20170923,5001.00,5001.00,4401.00,4965.00,332683030,67007,37,D,4547.00,4890.00
Ehya.Sanaye.Co.,20170920,4165.00,4589.00,4160.00,4547.00,87607825,19267,4,D,4294.00,4589.00
Ehya.Sanaye.Co.,20170919,4687.00,4687.00,4150.00,4294.00,87955311,20481,19,D,4386.00,4167.00
Ehya.Sanaye.Co.,20170918,4250.00,4540.00,4250.00,4386.00,131055178,29879,18,D,4365.00,4534.00
Ehya.Sanaye.Co.,20170917,4176.00,4988.00,4176.00,4365.00,1329565723,304621,99,D,4639.00,4400.00
Ehya.Sanaye.Co.,20170916,4651.00,4974.00,4632.00,4639.00,215456937,46447,24,D,5146.00,4632.00
Ehya.Sanaye.Co.,20170913,5599.00,5600.00,4806.00,5146.00,46251058,8988,9,D,5339.00,5190.00
Ehya.Sanaye.Co.,20170912,5200.00,5680.00,5166.00,5339.00,101995216,19104,20,D,5740.00,5166.00
Ehya.Sanaye.Co.,20170910,5990.00,5990.00,5080.00,5740.00,59126350,10301,10,D,5634.00,5710.00
Ehya.Sanaye.Co.,20170906,5247.00,6400.00,5247.00,5634.00,1046539139,185747,49,D,5829.00,5700.00
Ehya.Sanaye.Co.,20170905,6490.00,6490.00,5790.00,5829.00,24120520,4138,9,D,6433.00,5790.00
Ehya.Sanaye.Co.,20170904,6886.00,6886.00,5733.00,6433.00,209106543,32505,36,D,6370.00,6550.00
Ehya.Sanaye.Co.,20170903,5794.00,6371.00,5794.00,6370.00,1021341380,160330,49,D,5792.00,6371.00
Ehya.Sanaye.Co.,20170902,5790.00,5794.00,5789.00,5792.00,176135171,30409,13,D,5268.00,5794.00
Ehya.Sanaye.Co.,20170830,5274.00,5274.00,5200.00,5268.00,611541726,116082,48,D,4795.00,5274.00
Ehya.Sanaye.Co.,20170829,4540.00,4805.00,4540.00,4795.00,901436539,187992,59,D,4369.00,4805.00
Ehya.Sanaye.Co.,20170828,4395.00,4395.00,4000.00,4369.00,575167605,131650,54,D,3996.00,4395.00
Ehya.Sanaye.Co.,20170827,3996.00,3996.00,3996.00,3996.00,443216340,110915,20,D,3633.00,3996.00
Ehya.Sanaye.Co.,20170826,3400.00,3683.00,3400.00,3633.00,166829488,45921,38,D,3349.00,3683.00
Ehya.Sanaye.Co.,20170823,3178.00,3420.00,3178.00,3349.00,45293236,13526,6,D,3457.00,3420.00
Ehya.Sanaye.Co.,20170822,3400.00,3490.00,3400.00,3457.00,19649600,5684,5,D,3449.00,3490.00
Ehya.Sanaye.Co.,20170821,3174.00,3498.00,3174.00,3449.00,94685560,27452,13,D,3180.00,3490.00
Ehya.Sanaye.Co.,20170820,3174.00,3180.00,3174.00,3180.00,31478040,9900,6,D,3350.00,3180.00
Ehya.Sanaye.Co.,20170819,3350.00,3350.00,3350.00,3350.00,11162200,3332,5,D,3660.00,3350.00
Ehya.Sanaye.Co.,20170816,3699.00,3700.00,3352.00,3660.00,126097400,34449,7,D,3526.00,3352.00
Ehya.Sanaye.Co.,20170815,3122.00,3598.00,3122.00,3526.00,153794018,43611,17,D,3271.00,3589.00
Ehya.Sanaye.Co.,20170814,3540.00,3540.00,3251.00,3271.00,33870900,10355,9,D,3228.00,3251.00
Ehya.Sanaye.Co.,20170813,3300.00,3300.00,3212.00,3228.00,76142582,23586,7,D,3507.00,3215.00
Ehya.Sanaye.Co.,20170812,3600.00,3600.00,3434.00,3507.00,113226936,32282,12,D,3815.00,3600.00
Ehya.Sanaye.Co.,20170809,3995.00,3999.00,3700.00,3815.00,200248170,52491,16,D,3869.00,3900.00
Ehya.Sanaye.Co.,20170808,3745.00,3890.00,3745.00,3869.00,458109661,118399,48,D,3537.00,3887.00
Ehya.Sanaye.Co.,20170807,3533.00,3790.00,3527.00,3537.00,373684150,105636,43,D,3918.00,3600.00
Ehya.Sanaye.Co.,20170806,3885.00,4415.00,3861.00,3918.00,259713197,66295,37,D,4290.00,3999.00
Ehya.Sanaye.Co.,20170802,4460.00,4460.00,3800.00,4290.00,415949785,96952,36,D,4187.00,4190.00
Ehya.Sanaye.Co.,20170801,4187.00,4188.00,4185.00,4187.00,608880432,145425,31,D,3808.00,4188.00
Ehya.Sanaye.Co.,20170731,3801.00,4000.00,3757.00,3808.00,541337041,142140,53,D,4174.00,3850.00
Ehya.Sanaye.Co.,20170730,4430.00,4518.00,4083.00,4174.00,11954262,2864,7,D,4536.00,4083.00
Ehya.Sanaye.Co.,20170729,4500.00,4567.00,4451.00,4536.00,466466937,102844,26,D,4169.00,4451.00
Ehya.Sanaye.Co.,20170726,4165.00,4174.00,4000.00,4169.00,812565326,194913,134,D,3795.00,4174.00
Ehya.Sanaye.Co.,20170725,3300.00,3801.00,3300.00,3795.00,250048921,65894,54,D,3456.00,3800.00
Ehya.Sanaye.Co.,20170724,3249.00,3469.00,3249.00,3456.00,177627406,51402,28,D,3154.00,3469.00
Ehya.Sanaye.Co.,20170723,2928.00,3220.00,2928.00,3154.00,105494206,33448,18,D,2928.00,3220.00
Ehya.Sanaye.Co.,20170722,2928.00,2930.00,2928.00,2928.00,8158228,2786,2,D,3033.00,2930.00
Ehya.Sanaye.Co.,20170719,2987.00,3097.00,2933.00,3033.00,132852663,43805,15,D,2926.00,3050.00
Ehya.Sanaye.Co.,20170718,2926.00,2926.00,2926.00,2926.00,10249778,3503,2,D,2967.00,2926.00
Ehya.Sanaye.Co.,20170717,2927.00,3030.00,2926.00,2967.00,38335582,12922,7,D,2949.00,3030.00
Ehya.Sanaye.Co.,20170716,2948.00,2950.00,2948.00,2949.00,9536736,3234,2,D,2948.00,2950.00
Ehya.Sanaye.Co.,20170715,3160.00,3160.00,2924.00,2948.00,21122252,7164,10,D,2951.00,2935.00
Ehya.Sanaye.Co.,20170712,2951.00,2951.00,2951.00,2951.00,23050261,7811,4,D,3109.00,2951.00
Ehya.Sanaye.Co.,20170710,3099.00,3200.00,3099.00,3109.00,9754574,3138,5,D,3064.00,3200.00
Ehya.Sanaye.Co.,20170709,2777.00,3099.00,2777.00,3064.00,190508063,62181,24,D,2818.00,3099.00
Ehya.Sanaye.Co.,20170704,3250.00,3250.00,2800.00,2818.00,71486054,25370,13,D,2997.00,2800.00
Ehya.Sanaye.Co.,20170701,2983.00,3030.00,2983.00,2997.00,190008952,63393,25,D,3314.00,3014.00
Ehya.Sanaye.Co.,20170628,3640.00,3640.00,3295.00,3314.00,435137013,131315,37,D,3661.00,3295.00
Ehya.Sanaye.Co.,20170625,3800.00,3800.00,3500.00,3661.00,114387140,31244,33,D,3531.00,3600.00
Ehya.Sanaye.Co.,20170624,3603.00,3603.00,3000.00,3531.00,333920595,94567,42,D,3276.00,3548.00
Ehya.Sanaye.Co.,20170621,3135.00,3308.00,3000.00,3276.00,565959644,172785,71,D,3008.00,3308.00
Ehya.Sanaye.Co.,20170620,3000.00,3011.00,2999.00,3008.00,219412780,72935,19,D,2738.00,3011.00
Ehya.Sanaye.Co.,20170618,2688.00,2756.00,2520.00,2738.00,117637752,42960,19,D,2506.00,2756.00
Ehya.Sanaye.Co.,20170617,2601.00,2601.00,2470.00,2506.00,41256930,16460,10,D,2726.00,2510.00
Ehya.Sanaye.Co.,20170614,2729.00,2729.00,2571.00,2726.00,138052205,50645,13,D,2481.00,2729.00
Ehya.Sanaye.Co.,20170613,2481.00,2481.00,2481.00,2481.00,45598299,18379,5,D,2256.00,2481.00
Ehya.Sanaye.Co.,20170611,2256.00,2256.00,2255.00,2256.00,37222500,16500,5,D,2471.00,2255.00
Ehya.Sanaye.Co.,20170610,2470.00,2483.00,2469.00,2471.00,28719502,11622,4,D,2743.00,2483.00
Ehya.Sanaye.Co.,20170607,3000.00,3000.00,2736.00,2743.00,289830000,105665,27,D,3040.00,2736.00
Ehya.Sanaye.Co.,20170606,3040.00,3040.00,3030.00,3040.00,35169300,11570,5,D,2847.00,3030.00
Ehya.Sanaye.Co.,20170603,2847.00,2847.00,2847.00,2847.00,35120592,12336,3,D,2589.00,2847.00
Ehya.Sanaye.Co.,20170531,2450.00,2593.00,2450.00,2589.00,345732340,133530,12,D,2358.00,2593.00
Ehya.Sanaye.Co.,20170529,2337.00,2401.00,2337.00,2358.00,33045050,14015,7,D,2460.00,2400.00
Ehya.Sanaye.Co.,20170528,2502.00,2700.00,2411.00,2460.00,25336752,10298,9,D,2500.00,2590.00
Ehya.Sanaye.Co.,20170527,2499.00,2500.00,2499.00,2500.00,244792080,97920,8,D,2284.00,2500.00
Ehya.Sanaye.Co.,20170524,2200.00,2550.00,2200.00,2284.00,46252150,19559,8,D,2214.00,2550.00
Ehya.Sanaye.Co.,20170523,2001.00,2001.00,2001.00,2214.00,6127062,3062,3,D,2231.00,2001.00
Ehya.Sanaye.Co.,20170509,2531.00,2531.00,2531.00,2531.00,1265500,500,1,D,2301.00,2531.00
Ehya.Sanaye.Co.,20170426,2200.00,2417.00,2199.00,2301.00,38376416,16681,10,D,2198.00,2417.00
Ehya.Sanaye.Co.,20170424,2263.00,2263.00,2060.00,2198.00,44425633,20212,15,D,2058.00,2199.00
Ehya.Sanaye.Co.,20170423,2058.00,2058.00,2058.00,2058.00,24846234,12073,9,D,1871.00,2058.00
Ehya.Sanaye.Co.,20170418,1871.00,1871.00,1871.00,1871.00,6724374,3594,4,D,1853.00,1871.00
Ehya.Sanaye.Co.,20170416,1862.00,1862.00,1850.00,1853.00,9857439,5320,4,D,1963.00,1854.00
Ehya.Sanaye.Co.,20170415,1850.00,2035.00,1850.00,1963.00,12395250,6314,4,D,1850.00,2035.00
Ehya.Sanaye.Co.,20170412,1850.00,1850.00,1850.00,1850.00,3774000,2040,2,D,1682.00,1850.00
Ehya.Sanaye.Co.,20170410,1662.00,1749.00,1651.00,1682.00,19892758,11824,8,D,1651.00,1749.00
Ehya.Sanaye.Co.,20170405,1652.00,1652.00,1651.00,1651.00,2942692,1782,3,D,1650.00,1651.00
Ehya.Sanaye.Co.,20170404,1650.00,1650.00,1650.00,1650.00,8580000,5200,2,D,1615.00,1650.00
Ehya.Sanaye.Co.,20170403,1640.00,1640.00,1614.00,1615.00,3327440,2060,2,D,1614.00,1614.00
Ehya.Sanaye.Co.,20170328,1575.00,1679.00,1575.00,1614.00,12933827,8013,5,D,1527.00,1679.00
Ehya.Sanaye.Co.,20170327,1450.00,1574.00,1450.00,1527.00,41427860,27138,4,D,1431.00,1574.00
Ehya.Sanaye.Co.,20170326,1430.00,1432.00,1430.00,1431.00,1431000,1000,2,D,1425.00,1432.00
Ehya.Sanaye.Co.,20170325,1425.00,1425.00,1425.00,1425.00,2793000,1960,2,D,1487.00,1425.00
Ehya.Sanaye.Co.,20170315,1464.00,1520.00,1464.00,1487.00,21806240,14660,3,D,1464.00,1520.00
Ehya.Sanaye.Co.,20170313,1385.00,1483.00,1385.00,1464.00,9115780,6228,2,D,1349.00,1483.00
Ehya.Sanaye.Co.,20170307,1350.00,1355.00,1336.00,1349.00,22114364,16394,4,D,1250.00,1355.00
Ehya.Sanaye.Co.,20170221,1250.00,1250.00,1250.00,1250.00,825000,660,2,D,1250.00,1250.00
Ehya.Sanaye.Co.,20170218,1250.00,1250.00,1250.00,1250.00,2602500,2082,2,D,1250.00,1250.00
Ehya.Sanaye.Co.,20170211,1250.00,1250.00,1250.00,1250.00,825000,660,1,D,1250.00,1250.00
Ehya.Sanaye.Co.,20170208,1250.00,1250.00,1250.00,1250.00,13295000,10636,2,D,1250.00,1250.00
Ehya.Sanaye.Co.,20170207,1250.00,1250.00,1250.00,1250.00,3465000,2772,2,D,1250.00,1250.00
Ehya.Sanaye.Co.,20170206,1250.00,1250.00,1250.00,1250.00,4125000,3300,2,D,1250.00,1250.00
Ehya.Sanaye.Co.,20170205,1250.00,1250.00,1250.00,1250.00,5395000,4316,2,D,1250.00,1250.00
Ehya.Sanaye.Co.,20170131,1250.00,1250.00,1250.00,1250.00,1650000,1320,1,D,1250.00,1250.00
Ehya.Sanaye.Co.,20170130,1250.00,1251.00,1250.00,1250.00,3630782,2904,3,D,1272.00,1251.00
Ehya.Sanaye.Co.,20170129,1250.00,1300.00,1250.00,1272.00,43455000,34164,3,D,1250.00,1300.00
Ehya.Sanaye.Co.,20170128,1250.00,1250.00,1250.00,1250.00,3300000,2640,2,D,1250.00,1250.00
Ehya.Sanaye.Co.,20170123,1250.00,1250.00,1250.00,1250.00,962500,770,1,D,1209.00,1250.00
Ehya.Sanaye.Co.,20170122,1200.00,1250.00,1200.00,1209.00,22715800,18794,4,D,1250.00,1250.00
Ehya.Sanaye.Co.,20170121,1250.00,1250.00,1250.00,1250.00,3630000,2904,1,D,1250.00,1250.00
Ehya.Sanaye.Co.,20170115,1250.00,1250.00,1250.00,1250.00,5940000,4752,3,D,1250.00,1250.00
Ehya.Sanaye.Co.,20170114,1250.00,1250.00,1250.00,1250.00,3547500,2838,3,D,1250.00,1250.00
Ehya.Sanaye.Co.,20170109,1250.00,1250.00,1250.00,1250.00,2022500,1618,3,D,1250.00,1250.00
Ehya.Sanaye.Co.,20170108,1250.00,1250.00,1250.00,1250.00,3323750,2659,2,D,1250.00,1250.00
Ehya.Sanaye.Co.,20170103,1250.00,1250.00,1250.00,1250.00,60685000,48548,1,D,1250.00,1250.00
Ehya.Sanaye.Co.,20170102,1250.00,1250.00,1250.00,1250.00,3630000,2904,1,D,1250.00,1250.00
Ehya.Sanaye.Co.,20161231,1250.00,1250.00,1250.00,1250.00,1815000,1452,1,D,1250.00,1250.00
Ehya.Sanaye.Co.,20161228,1250.00,1250.00,1250.00,1250.00,7507500,6006,3,D,1250.00,1250.00
Ehya.Sanaye.Co.,20161224,1250.00,1250.00,1250.00,1250.00,49115000,39292,2,D,1250.00,1250.00
Ehya.Sanaye.Co.,20161221,1250.00,1250.00,1250.00,1250.00,765000,612,1,D,1250.00,1250.00
Ehya.Sanaye.Co.,20161220,1250.00,1250.00,1250.00,1250.00,120000,96,1,D,1268.00,1250.00
Ehya.Sanaye.Co.,20161219,1275.00,1275.00,1266.00,1268.00,2907036,2292,2,D,1280.00,1266.00
Ehya.Sanaye.Co.,20161218,1280.00,1280.00,1280.00,1280.00,15356160,11997,2,D,1280.00,1280.00
Ehya.Sanaye.Co.,20161214,1280.00,1280.00,1280.00,1280.00,295680,231,1,D,1273.00,1280.00
Ehya.Sanaye.Co.,20161211,1280.00,1280.00,1266.00,1273.00,7224624,5676,4,D,1350.00,1266.00
Ehya.Sanaye.Co.,20161207,1350.00,1350.00,1350.00,1350.00,38889450,28807,2,D,1350.00,1350.00
Ehya.Sanaye.Co.,20161206,1351.00,1351.00,1350.00,1350.00,26452850,19591,3,D,1305.00,1350.00
Ehya.Sanaye.Co.,20161119,1305.00,1305.00,1305.00,1305.00,3717945,2849,1,D,1304.00,1305.00
Ehya.Sanaye.Co.,20161115,1304.00,1304.00,1304.00,1304.00,1893408,1452,1,D,1310.00,1304.00
Ehya.Sanaye.Co.,20161114,1311.00,1311.00,1304.00,1310.00,12795472,9768,4,D,1300.00,1304.00
Ehya.Sanaye.Co.,20161109,1300.00,1300.00,1300.00,1300.00,2574000,1980,2,D,1276.00,1300.00
Ehya.Sanaye.Co.,20161107,1275.00,1276.00,1275.00,1276.00,4980504,3904,2,D,1260.00,1276.00
Ehya.Sanaye.Co.,20161102,1260.00,1261.00,1260.00,1260.00,2495460,1980,2,D,1257.00,1261.00
Ehya.Sanaye.Co.,20161101,1259.00,1259.00,1256.00,1257.00,2513794,2000,4,D,1258.00,1256.00
Ehya.Sanaye.Co.,20161031,1258.00,1258.00,1258.00,1258.00,5562876,4422,2,D,1258.00,1258.00
Ehya.Sanaye.Co.,20161023,1258.00,1258.00,1258.00,1258.00,332112,264,1,D,1258.00,1258.00
Ehya.Sanaye.Co.,20161022,1258.00,1258.00,1258.00,1258.00,2855660,2270,2,D,1282.00,1258.00
Ehya.Sanaye.Co.,20161018,1300.00,1300.00,1258.00,1282.00,1691882,1320,3,D,1258.00,1258.00
Ehya.Sanaye.Co.,20161017,1258.00,1258.00,1258.00,1258.00,830280,660,1,D,1260.00,1258.00
Ehya.Sanaye.Co.,20161009,1260.00,1260.00,1258.00,1260.00,2452296,1947,3,D,1253.00,1258.00
Ehya.Sanaye.Co.,20161004,1253.00,1253.00,1253.00,1253.00,4738846,3782,3,D,1252.00,1253.00
Ehya.Sanaye.Co.,20161002,1252.00,1252.00,1252.00,1252.00,1074216,858,1,D,1252.00,1252.00
Ehya.Sanaye.Co.,20160927,1252.00,1252.00,1252.00,1252.00,62600000,50000,2,D,1252.00,1252.00
Ehya.Sanaye.Co.,20160924,1252.00,1252.00,1252.00,1252.00,1652640,1320,1,D,1252.00,1252.00
Ehya.Sanaye.Co.,20160921,1252.00,1252.00,1252.00,1252.00,7246576,5788,2,D,1252.00,1252.00
Ehya.Sanaye.Co.,20160919,1252.00,1252.00,1252.00,1252.00,1156848,924,1,D,1252.00,1252.00
Ehya.Sanaye.Co.,20160918,1252.00,1252.00,1252.00,1252.00,3481812,2781,6,D,1250.00,1252.00
Ehya.Sanaye.Co.,20160910,1250.00,1250.00,1250.00,1250.00,12500000,10000,1,D,1250.00,1250.00
Ehya.Sanaye.Co.,20160907,1250.00,1250.00,1250.00,1250.00,19800000,15840,3,D,1250.00,1250.00
Ehya.Sanaye.Co.,20160903,1250.00,1250.00,1250.00,1250.00,20583750,16467,2,D,1250.00,1250.00
Ehya.Sanaye.Co.,20160829,1251.00,1251.00,1250.00,1250.00,8346320,6676,5,D,1250.00,1250.00
Ehya.Sanaye.Co.,20160823,1250.00,1250.00,1250.00,1250.00,11550000,9240,1,D,1251.00,1250.00
Ehya.Sanaye.Co.,20160821,1251.00,1251.00,1251.00,1251.00,3632904,2904,1,D,1251.00,1251.00
Ehya.Sanaye.Co.,20160820,1251.00,1251.00,1251.00,1251.00,2972376,2376,1,D,1250.00,1251.00
Ehya.Sanaye.Co.,20160815,1250.00,1251.00,1250.00,1250.00,12950202,10358,2,D,1250.00,1251.00
Ehya.Sanaye.Co.,20160813,1250.00,1250.00,1250.00,1250.00,9150000,7320,2,D,1246.00,1250.00
Ehya.Sanaye.Co.,20160807,1240.00,1250.00,1240.00,1246.00,10489475,8419,4,D,1180.00,1250.00
Ehya.Sanaye.Co.,20160802,1180.00,1180.00,1180.00,1180.00,5373720,4554,3,D,1180.00,1180.00
Ehya.Sanaye.Co.,20160717,1200.00,1200.00,1200.00,1200.00,5188800,4324,2,D,1200.00,1200.00
Ehya.Sanaye.Co.,20160713,1200.00,1200.00,1200.00,1200.00,1742400,1452,1,D,1250.00,1200.00
Ehya.Sanaye.Co.,20160712,1250.00,1250.00,1250.00,1250.00,3382500,2706,2,D,1250.00,1250.00
Ehya.Sanaye.Co.,20160711,1250.00,1250.00,1250.00,1250.00,660000,528,1,D,1250.00,1250.00
Ehya.Sanaye.Co.,20160710,1250.00,1250.00,1250.00,1250.00,12500,10,1,D,1253.00,1250.00
Ehya.Sanaye.Co.,20160702,1252.00,1340.00,1252.00,1253.00,839720,670,2,D,1252.00,1340.00
Ehya.Sanaye.Co.,20160629,1252.00,1252.00,1252.00,1252.00,1652640,1320,1,D,1251.00,1252.00
Ehya.Sanaye.Co.,20160626,1252.00,1252.00,1250.00,1251.00,1116716,893,2,D,1251.00,1250.00
Ehya.Sanaye.Co.,20160625,1252.00,1252.00,1250.00,1251.00,12510000,10000,2,D,1272.00,1250.00
Ehya.Sanaye.Co.,20160622,1280.00,1280.00,1252.00,1272.00,18631380,14653,4,D,1250.00,1252.00
Ehya.Sanaye.Co.,20160620,1250.00,1250.00,1250.00,1250.00,12500000,10000,2,D,1250.00,1250.00
Ehya.Sanaye.Co.,20160615,1250.00,1250.00,1250.00,1250.00,9405000,7524,1,D,1247.00,1250.00
Ehya.Sanaye.Co.,20160614,1247.00,1247.00,1247.00,1247.00,823020,660,1,D,1250.00,1247.00
Ehya.Sanaye.Co.,20160613,1250.00,1250.00,1250.00,1250.00,2102500,1682,1,D,1250.00,1250.00
Ehya.Sanaye.Co.,20160612,1250.00,1250.00,1250.00,1250.00,2392500,1914,2,D,1251.00,1250.00
Ehya.Sanaye.Co.,20160611,1255.00,1255.00,1250.00,1251.00,3301590,2640,2,D,1250.00,1250.00
Ehya.Sanaye.Co.,20160608,1250.00,1250.00,1250.00,1250.00,1980000,1584,1,D,1250.00,1250.00
Ehya.Sanaye.Co.,20160607,1250.00,1250.00,1250.00,1250.00,907500,726,1,D,1245.00,1250.00
Ehya.Sanaye.Co.,20160606,1245.00,1245.00,1245.00,1245.00,24900000,20000,1,D,1250.00,1245.00
Ehya.Sanaye.Co.,20160605,1245.00,1250.00,1245.00,1250.00,5030850,4026,4,D,1250.00,1250.00
Ehya.Sanaye.Co.,20160531,1250.00,1250.00,1250.00,1250.00,4917500,3934,4,D,1288.00,1250.00
Ehya.Sanaye.Co.,20160529,1296.00,1296.00,1252.00,1288.00,935390,726,3,D,1296.00,1252.00
Ehya.Sanaye.Co.,20160525,1252.00,1336.00,1252.00,1296.00,3592512,2772,2,D,1252.00,1336.00
Ehya.Sanaye.Co.,20160524,1252.00,1252.00,1252.00,1252.00,991584,792,1,D,1296.00,1252.00
Ehya.Sanaye.Co.,20160521,1250.00,1300.00,1250.00,1296.00,15433543,11909,4,D,1245.00,1300.00
Ehya.Sanaye.Co.,20160516,1245.00,1245.00,1245.00,1245.00,267675,215,1,D,1279.00,1245.00
Ehya.Sanaye.Co.,20160515,1288.00,1300.00,1250.00,1279.00,9260300,7243,5,D,1288.00,1250.00
Ehya.Sanaye.Co.,20160514,1288.00,1300.00,1288.00,1288.00,353032,274,2,D,1303.00,1300.00
Ehya.Sanaye.Co.,20160510,1288.00,1333.00,1288.00,1303.00,7843794,6018,6,D,1307.00,1333.00
Ehya.Sanaye.Co.,20160508,1297.00,1340.00,1297.00,1307.00,7058580,5400,3,D,1288.00,1340.00
Ehya.Sanaye.Co.,20160504,1287.00,1290.00,1287.00,1288.00,3156417,2451,2,D,1242.00,1290.00
Ehya.Sanaye.Co.,20160503,1242.00,1242.00,1242.00,1242.00,2705076,2178,3,D,1293.00,1242.00
Ehya.Sanaye.Co.,20160502,1242.00,1295.00,1242.00,1293.00,4661085,3604,3,D,1243.00,1295.00
Ehya.Sanaye.Co.,20160427,1245.00,1245.00,1242.00,1243.00,7178266,5775,9,D,1243.00,1242.00
Ehya.Sanaye.Co.,20160426,1243.00,1245.00,1243.00,1243.00,1045593,841,2,D,1249.00,1245.00
Ehya.Sanaye.Co.,20160425,1242.00,1260.00,1242.00,1249.00,16572138,13266,3,D,1272.00,1260.00
Ehya.Sanaye.Co.,20160424,1243.00,1297.00,1243.00,1272.00,2803129,2203,3,D,1244.00,1297.00
Ehya.Sanaye.Co.,20160420,1244.00,1244.00,1243.00,1244.00,8537364,6864,3,D,1246.00,1243.00
Ehya.Sanaye.Co.,20160419,1250.00,1250.00,1240.00,1246.00,5242144,4206,4,D,1250.00,1240.00
Ehya.Sanaye.Co.,20160418,1250.00,1250.00,1250.00,1250.00,1650000,1320,1,D,1251.00,1250.00
Ehya.Sanaye.Co.,20160417,1251.00,1251.00,1251.00,1251.00,143865,115,1,D,1250.00,1251.00
Ehya.Sanaye.Co.,20160413,1250.00,1250.00,1250.00,1250.00,1815000,1452,1,D,1318.00,1250.00
Ehya.Sanaye.Co.,20160412,1250.00,1337.00,1250.00,1318.00,14038080,10650,3,D,1203.00,1337.00
Ehya.Sanaye.Co.,20160411,1201.00,1242.00,1200.00,1203.00,20316340,16886,5,D,1202.00,1242.00
Ehya.Sanaye.Co.,20160409,1202.00,1202.00,1202.00,1202.00,2229710,1855,3,D,1200.00,1202.00
Ehya.Sanaye.Co.,20160406,1200.00,1201.00,1200.00,1200.00,12168679,10139,3,D,1200.00,1201.00
Ehya.Sanaye.Co.,20160405,1200.00,1200.00,1200.00,1200.00,316800,264,2,D,1201.00,1200.00
Ehya.Sanaye.Co.,20160404,1201.00,1201.00,1201.00,1201.00,8719260,7260,1,D,1200.00,1201.00
Ehya.Sanaye.Co.,20160402,1201.00,1201.00,1200.00,1200.00,53084000,44220,2,D,1201.00,1200.00
Ehya.Sanaye.Co.,20160328,1202.00,1202.00,1200.00,1201.00,119798400,99757,4,D,1200.00,1200.00
Ehya.Sanaye.Co.,20160327,1200.00,1200.00,1200.00,1200.00,6225600,5188,2,D,1200.00,1200.00
Ehya.Sanaye.Co.,20160326,1200.00,1200.00,1200.00,1200.00,5781600,4818,13,D,1200.00,1200.00
Ehya.Sanaye.Co.,20160315,1200.00,1200.00,1200.00,1200.00,5409600,4508,3,D,1200.00,1200.00
Ehya.Sanaye.Co.,20160314,1200.00,1200.00,1200.00,1200.00,1188000,990,1,D,1200.00,1200.00
Ehya.Sanaye.Co.,20160312,1200.00,1200.00,1200.00,1200.00,5042400,4202,4,D,1200.00,1200.00
Ehya.Sanaye.Co.,20160308,1200.00,1200.00,1200.00,1200.00,1634400,1362,2,D,1200.00,1200.00
Ehya.Sanaye.Co.,20160306,1200.00,1200.00,1200.00,1200.00,6732000,5610,1,D,1200.00,1200.00
Ehya.Sanaye.Co.,20160305,1202.00,1202.00,1200.00,1200.00,1425950,1188,2,D,1202.00,1200.00
Ehya.Sanaye.Co.,20160302,1202.00,1202.00,1202.00,1202.00,857026,713,1,D,1202.00,1202.00
Ehya.Sanaye.Co.,20160229,1202.00,1202.00,1202.00,1202.00,2538624,2112,3,D,1210.00,1202.00
Ehya.Sanaye.Co.,20160228,1250.00,1250.00,1200.00,1210.00,9583050,7920,2,D,1260.00,1200.00
Ehya.Sanaye.Co.,20160223,1272.00,1272.00,1200.00,1260.00,4216992,3347,2,D,1230.00,1200.00
Ehya.Sanaye.Co.,20160222,1240.00,1248.00,1200.00,1230.00,2918960,2374,4,D,1235.00,1200.00
Ehya.Sanaye.Co.,20160221,1249.00,1250.00,1200.00,1235.00,2490107,2017,3,D,1188.00,1200.00
Ehya.Sanaye.Co.,20160220,1200.00,1200.00,1151.00,1188.00,8628504,7260,3,D,1261.00,1151.00
Ehya.Sanaye.Co.,20160217,1200.00,1272.00,1200.00,1261.00,6358388,5044,3,D,1200.00,1272.00
Ehya.Sanaye.Co.,20160216,1200.00,1200.00,1200.00,1200.00,1029600,858,1,D,1200.00,1200.00
Ehya.Sanaye.Co.,20160215,1200.00,1200.00,1200.00,1200.00,8817600,7348,3,D,1224.00,1200.00
Ehya.Sanaye.Co.,20160214,1244.00,1272.00,1200.00,1224.00,112821760,92180,3,D,1289.00,1272.00
Ehya.Sanaye.Co.,20160213,1271.00,1300.00,1150.00,1289.00,78199780,60674,9,D,1229.00,1248.00
Ehya.Sanaye.Co.,20160209,1229.00,1230.00,1229.00,1229.00,6146288,5000,2,D,1234.00,1230.00
Ehya.Sanaye.Co.,20160208,1230.00,1235.00,1230.00,1234.00,4683558,3795,3,D,1183.00,1235.00
Ehya.Sanaye.Co.,20160207,1130.00,1250.00,1130.00,1183.00,46431574,39250,17,D,1140.00,1249.00
Ehya.Sanaye.Co.,20160203,1140.00,1140.00,1140.00,1140.00,2469240,2166,3,D,1140.00,1140.00
Ehya.Sanaye.Co.,20160201,1140.00,1140.00,1140.00,1140.00,3154380,2767,2,D,1140.00,1140.00
Ehya.Sanaye.Co.,20160131,1140.00,1140.00,1140.00,1140.00,570000,500,1,D,1188.00,1140.00
Ehya.Sanaye.Co.,20160130,1188.00,1188.00,1188.00,1188.00,2276208,1916,1,D,1065.00,1188.00
Ehya.Sanaye.Co.,20160127,1190.00,1190.00,1060.00,1065.00,83244070,78175,8,D,1101.00,1070.00
Ehya.Sanaye.Co.,20160125,1088.00,1198.00,1081.00,1101.00,28867526,26226,4,D,1198.00,1081.00
Ehya.Sanaye.Co.,20160123,1198.00,1198.00,1198.00,1198.00,239600,200,2,D,1198.00,1198.00
Ehya.Sanaye.Co.,20160118,1198.00,1198.00,1198.00,1198.00,7188000,6000,2,D,1073.00,1198.00
Ehya.Sanaye.Co.,20160113,1073.00,1073.00,1073.00,1073.00,1557996,1452,1,D,1073.00,1073.00
Ehya.Sanaye.Co.,20160112,1071.00,1199.00,1071.00,1073.00,3363932,3136,4,D,1098.00,1073.00
Ehya.Sanaye.Co.,20160110,1100.00,1100.00,1090.00,1098.00,69287100,63100,5,D,1100.00,1090.00
Ehya.Sanaye.Co.,20160105,1100.00,1199.00,1100.00,1100.00,3826059,3477,3,D,1101.00,1199.00
Ehya.Sanaye.Co.,20160104,1100.00,1125.00,1100.00,1101.00,51282000,46584,2,D,1125.00,1125.00
Ehya.Sanaye.Co.,20151230,1125.00,1125.00,1125.00,1125.00,51018750,45350,2,D,1142.00,1125.00
Ehya.Sanaye.Co.,20151228,1150.00,1150.00,1125.00,1142.00,8562500,7500,2,D,1114.00,1125.00
Ehya.Sanaye.Co.,20151220,1122.00,1125.00,1091.00,1114.00,18516953,16623,14,D,1125.00,1091.00
Ehya.Sanaye.Co.,20151215,1125.00,1125.00,1125.00,1125.00,34335000,30520,2,D,1144.00,1125.00
Ehya.Sanaye.Co.,20151214,1200.00,1200.00,1140.00,1144.00,115310000,100800,5,D,1165.00,1140.00
Ehya.Sanaye.Co.,20151208,1165.00,1165.00,1155.00,1165.00,39312500,33752,2,D,1166.00,1155.00
Ehya.Sanaye.Co.,20151207,1168.00,1169.00,1165.00,1166.00,33488912,28716,6,D,1167.00,1165.00
Ehya.Sanaye.Co.,20151201,1167.00,1167.00,1167.00,1167.00,1458750,1250,1,D,1169.00,1167.00
Ehya.Sanaye.Co.,20151129,1167.00,1169.00,1167.00,1169.00,4010424,3432,2,D,1169.00,1169.00
Ehya.Sanaye.Co.,20151125,1169.00,1169.00,1169.00,1169.00,848694,726,1,D,1166.00,1169.00
Ehya.Sanaye.Co.,20151124,1169.00,1169.00,1165.00,1166.00,21296563,18260,4,D,1166.00,1165.00
Ehya.Sanaye.Co.,20151123,1166.00,1166.00,1166.00,1166.00,7695600,6600,2,D,1167.00,1166.00
Ehya.Sanaye.Co.,20151122,1170.00,1170.00,1166.00,1167.00,5197694,4455,2,D,1172.00,1166.00
Ehya.Sanaye.Co.,20151118,1183.00,1183.00,1170.00,1172.00,2544139,2170,3,D,1182.00,1170.00
Ehya.Sanaye.Co.,20151116,1181.00,1185.00,1181.00,1182.00,7905824,6690,4,D,1183.00,1183.00
Ehya.Sanaye.Co.,20151115,1183.00,1183.00,1183.00,1183.00,1090726,922,3,D,1194.00,1183.00
Ehya.Sanaye.Co.,20151111,1200.00,1200.00,1183.00,1194.00,9267446,7762,3,D,1196.00,1183.00
Ehya.Sanaye.Co.,20151110,1200.00,1200.00,1190.00,1196.00,28700000,24000,2,D,1182.00,1190.00
Ehya.Sanaye.Co.,20151108,1183.00,1183.00,1182.00,1182.00,1716924,1452,2,D,1180.00,1182.00
Ehya.Sanaye.Co.,20151103,1180.00,1180.00,1180.00,1180.00,1713360,1452,1,D,1180.00,1180.00
Ehya.Sanaye.Co.,20151102,1180.00,1180.00,1180.00,1180.00,5140080,4356,1,D,1163.00,1180.00
Ehya.Sanaye.Co.,20151031,1160.00,1170.00,1160.00,1163.00,6103482,5247,3,D,1200.00,1170.00
Ehya.Sanaye.Co.,20151025,1200.00,1200.00,1200.00,1200.00,3600000,3000,1,D,1188.00,1200.00
Ehya.Sanaye.Co.,20151020,1200.00,1200.00,1161.00,1188.00,74833000,63000,6,D,1196.00,1161.00
Ehya.Sanaye.Co.,20151018,1180.00,1210.00,1180.00,1196.00,45290140,37873,2,D,1180.00,1210.00
Ehya.Sanaye.Co.,20151017,1180.00,1180.00,1180.00,1180.00,19777980,16761,2,D,1213.00,1180.00
Ehya.Sanaye.Co.,20151013,1215.00,1215.00,1210.00,1213.00,18261710,15051,2,D,1250.00,1210.00
Ehya.Sanaye.Co.,20151012,1250.00,1250.00,1250.00,1250.00,4537500,3630,1,D,1215.00,1250.00
Ehya.Sanaye.Co.,20151011,1215.00,1215.00,1215.00,1215.00,2818800,2320,3,D,1300.00,1215.00
Ehya.Sanaye.Co.,20151010,1300.00,1300.00,1300.00,1300.00,1735500,1335,3,D,1219.00,1300.00
Ehya.Sanaye.Co.,20151006,1215.00,1220.00,1215.00,1219.00,27255740,22357,2,D,1215.00,1220.00
Ehya.Sanaye.Co.,20151005,1215.00,1215.00,1215.00,1215.00,3528360,2904,1,D,1217.00,1215.00
Ehya.Sanaye.Co.,20151004,1220.00,1220.00,1215.00,1217.00,14580700,11980,3,D,1216.00,1215.00
Ehya.Sanaye.Co.,20150930,1210.00,1230.00,1210.00,1216.00,9202050,7567,4,D,1294.00,1230.00
Ehya.Sanaye.Co.,20150928,1270.00,1300.00,1270.00,1294.00,31908040,24652,2,D,1160.00,1300.00
Ehya.Sanaye.Co.,20150927,1160.00,1160.00,1160.00,1160.00,3674880,3168,1,D,1155.00,1160.00
Ehya.Sanaye.Co.,20150922,1290.00,1290.00,1150.00,1155.00,3165000,2740,2,D,1147.00,1150.00
Ehya.Sanaye.Co.,20150920,1161.00,1161.00,1124.00,1147.00,52187556,45500,9,D,1161.00,1124.00
Ehya.Sanaye.Co.,20150919,1161.00,1161.00,1161.00,1161.00,996138,858,1,D,1170.00,1161.00
Ehya.Sanaye.Co.,20150916,1170.00,1170.00,1170.00,1170.00,5557500,4750,1,D,1170.00,1170.00
Ehya.Sanaye.Co.,20150915,1170.00,1171.00,1170.00,1170.00,24627208,21048,4,D,1170.00,1170.00
Ehya.Sanaye.Co.,20150914,1170.00,1170.00,1170.00,1170.00,3397680,2904,1,D,1227.00,1170.00
Ehya.Sanaye.Co.,20150912,1211.00,1244.00,1211.00,1227.00,8589200,7000,2,D,1228.00,1244.00
Ehya.Sanaye.Co.,20150909,1260.00,1260.00,1200.00,1228.00,21114000,17195,2,D,1217.00,1200.00
Ehya.Sanaye.Co.,20150908,1240.00,1260.00,1200.00,1217.00,86690700,71214,7,D,1196.00,1200.00
Ehya.Sanaye.Co.,20150906,1150.00,1200.00,1150.00,1196.00,14976900,12526,3,D,1146.00,1200.00
Ehya.Sanaye.Co.,20150905,1150.00,1150.00,1140.00,1146.00,12779580,11154,4,D,1160.00,1140.00
Ehya.Sanaye.Co.,20150902,1160.00,1160.00,1160.00,1160.00,47669040,41094,2,D,1112.00,1160.00
Ehya.Sanaye.Co.,20150831,1112.00,1112.00,1111.00,1112.00,401269,361,2,D,1140.00,1111.00
Ehya.Sanaye.Co.,20150830,1130.00,1155.00,1130.00,1140.00,2558820,2244,2,D,1155.00,1155.00
Ehya.Sanaye.Co.,20150829,1155.00,1155.00,1155.00,1155.00,5337255,4621,1,D,1110.00,1155.00
Ehya.Sanaye.Co.,20150826,1110.00,1110.00,1110.00,1110.00,2725050,2455,2,D,1142.00,1110.00
Ehya.Sanaye.Co.,20150825,1154.00,1154.00,1105.00,1142.00,4115739,3604,5,D,1154.00,1105.00
Ehya.Sanaye.Co.,20150824,1154.00,1154.00,1154.00,1154.00,3655872,3168,2,D,1154.00,1154.00
Ehya.Sanaye.Co.,20150823,1154.00,1154.00,1154.00,1154.00,8644614,7491,3,D,1154.00,1154.00
Ehya.Sanaye.Co.,20150822,1154.00,1154.00,1154.00,1154.00,3046560,2640,1,D,1154.00,1154.00
Ehya.Sanaye.Co.,20150817,1154.00,1156.00,1154.00,1154.00,28700076,24870,4,D,1154.00,1154.00
Ehya.Sanaye.Co.,20150816,1156.00,1156.00,1154.00,1154.00,6731712,5832,2,D,1131.00,1154.00
Ehya.Sanaye.Co.,20150815,1131.00,1131.00,1131.00,1131.00,1642212,1452,1,D,1147.00,1131.00
Ehya.Sanaye.Co.,20150812,1150.00,1150.00,1120.00,1147.00,64839860,56534,3,D,1107.00,1120.00
Ehya.Sanaye.Co.,20150810,1110.00,1110.00,1100.00,1107.00,47610000,43000,3,D,1150.00,1100.00
Ehya.Sanaye.Co.,20150809,1152.00,1152.00,1150.00,1150.00,1670264,1452,3,D,1152.00,1150.00
Ehya.Sanaye.Co.,20150808,1152.00,1152.00,1152.00,1152.00,22772736,19768,5,D,1187.00,1152.00
Ehya.Sanaye.Co.,20150805,1230.00,1230.00,1170.00,1187.00,55799660,47012,3,D,1227.00,1170.00
Ehya.Sanaye.Co.,20150804,1230.00,1230.00,1151.00,1227.00,24960258,20348,2,D,1230.00,1151.00
Ehya.Sanaye.Co.,20150803,1230.00,1230.00,1230.00,1230.00,12927300,10510,1,D,1204.00,1230.00
Ehya.Sanaye.Co.,20150802,1230.00,1230.00,1120.00,1204.00,45306800,37640,5,D,1199.00,1120.00
Ehya.Sanaye.Co.,20150801,1172.00,1220.00,1172.00,1199.00,269933020,225191,26,D,1220.00,1180.00
Ehya.Sanaye.Co.,20150729,1220.00,1220.00,1220.00,1220.00,3381840,2772,2,D,1283.00,1220.00
Ehya.Sanaye.Co.,20150727,1305.00,1305.00,1252.00,1283.00,6676088,5205,4,D,1305.00,1252.00
Ehya.Sanaye.Co.,20150726,1305.00,1305.00,1305.00,1305.00,3068055,2351,2,D,1305.00,1305.00
Ehya.Sanaye.Co.,20150725,1305.00,1305.00,1305.00,1305.00,8613000,6600,1,D,1400.00,1305.00
Ehya.Sanaye.Co.,20150722,1400.00,1400.00,1400.00,1400.00,3025400,2161,3,D,1442.00,1400.00
Ehya.Sanaye.Co.,20150713,1400.00,1500.00,1400.00,1442.00,170207900,118045,7,D,1445.00,1490.00
Ehya.Sanaye.Co.,20150707,1490.00,1490.00,1400.00,1445.00,144500000,100000,3,D,1330.00,1490.00
Ehya.Sanaye.Co.,20150706,1330.00,1330.00,1330.00,1330.00,1440390,1083,1,D,1300.00,1330.00
Ehya.Sanaye.Co.,20150704,1300.00,1300.00,1300.00,1300.00,16734900,12873,4,D,1400.00,1300.00
Ehya.Sanaye.Co.,20150630,1400.00,1400.00,1400.00,1400.00,1848000,1320,1,D,1310.00,1400.00
Ehya.Sanaye.Co.,20150628,1310.00,1310.00,1310.00,1310.00,39300000,30000,1,D,1250.00,1310.00
Ehya.Sanaye.Co.,20150627,1250.00,1250.00,1250.00,1250.00,2345000,1876,2,D,1259.00,1250.00
Ehya.Sanaye.Co.,20150624,1210.00,1295.00,1210.00,1259.00,3190770,2535,3,D,1295.00,1295.00
Ehya.Sanaye.Co.,20150620,1295.00,1295.00,1295.00,1295.00,3885000,3000,1,D,1259.00,1295.00
Ehya.Sanaye.Co.,20150617,1250.00,1295.00,1250.00,1259.00,1284000,1020,2,D,1251.00,1295.00
Ehya.Sanaye.Co.,20150616,1325.00,1325.00,1250.00,1251.00,634275,507,2,D,1273.00,1250.00
Ehya.Sanaye.Co.,20150615,1271.00,1325.00,1270.00,1273.00,171988700,135140,4,D,1251.00,1280.00
Ehya.Sanaye.Co.,20150614,1250.00,1325.00,1250.00,1251.00,205628875,164423,4,D,1250.00,1320.00
Ehya.Sanaye.Co.,20150613,1251.00,1251.00,1250.00,1250.00,21255000,17000,2,D,1326.00,1250.00
Ehya.Sanaye.Co.,20150610,1326.00,1330.00,1325.00,1326.00,43274016,32645,10,D,1570.00,1330.00
Ehya.Sanaye.Co.,20150608,1570.00,1570.00,1570.00,1570.00,7575250,4825,1,D,1459.00,1570.00
Ehya.Sanaye.Co.,20150606,1420.00,1500.00,1420.00,1459.00,2071920,1420,4,D,1477.00,1500.00
Ehya.Sanaye.Co.,20150602,1590.00,1600.00,1350.00,1477.00,17609698,11923,8,D,1401.00,1400.00
Ehya.Sanaye.Co.,20150526,1700.00,1840.00,1700.00,1703.00,158448000,93040,7,D,1907.00,1700.00
Ehya.Sanaye.Co.,20150525,1750.00,2000.00,1560.00,1907.00,251097840,131660,11,D,1750.00,1900.00
Ehya.Sanaye.Co.,20150524,1750.00,1750.00,1750.00,1750.00,143500000,82000,5,D,1738.00,1750.00
Ehya.Sanaye.Co.,20150523,1550.00,1750.00,1550.00,1738.00,37046000,21320,2,D,1730.00,1750.00
Ehya.Sanaye.Co.,20150519,1730.00,1730.00,1730.00,1730.00,17300000,10000,1,D,1731.00,1730.00
Ehya.Sanaye.Co.,20150512,1561.00,1994.00,1561.00,1731.00,1164862346,673124,29,D,1752.00,1670.00
Ehya.Sanaye.Co.,20150511,1751.00,1766.00,1751.00,1752.00,97934080,55883,8,D,2022.00,1766.00
Ehya.Sanaye.Co.,20150505,1950.00,2100.00,1950.00,2022.00,7612600,3764,5,D,1750.00,2100.00
Ehya.Sanaye.Co.,20150504,1750.00,1750.00,1750.00,1750.00,1270500,726,1,D,1732.00,1750.00
Ehya.Sanaye.Co.,20150429,1710.00,1950.00,1710.00,1732.00,47109750,27205,6,D,1710.00,1950.00
Ehya.Sanaye.Co.,20150428,1710.00,1710.00,1710.00,1710.00,10776420,6302,3,D,1850.00,1710.00
Ehya.Sanaye.Co.,20150427,1850.00,1850.00,1850.00,1850.00,83250000,45000,1,D,2005.00,1850.00
Ehya.Sanaye.Co.,20150421,1999.00,2200.00,1999.00,2005.00,52393880,26138,9,D,2116.00,2200.00
Ehya.Sanaye.Co.,20150414,2000.00,2400.00,2000.00,2116.00,25391760,12000,5,D,2281.00,2400.00
Ehya.Sanaye.Co.,20150413,2100.00,2440.00,2060.00,2281.00,32465120,14234,3,D,2203.00,2440.00
Ehya.Sanaye.Co.,20150412,2050.00,2600.00,2000.00,2203.00,25033400,11362,5,D,2389.00,2600.00
Ehya.Sanaye.Co.,20150411,2700.00,2700.00,2000.00,2389.00,26530300,11103,5,D,2546.00,2100.00
Ehya.Sanaye.Co.,20150408,2000.00,2600.00,1850.00,2546.00,427868280,168060,12,D,2196.00,2440.00
Ehya.Sanaye.Co.,20150407,2399.00,2399.00,2100.00,2196.00,4967274,2262,2,D,2605.00,2100.00
Ehya.Sanaye.Co.,20150406,2700.00,2750.00,2520.00,2605.00,729877140,280215,8,D,2476.00,2520.00
Ehya.Sanaye.Co.,20150405,2500.00,2500.00,2300.00,2476.00,289648100,116999,11,D,2037.00,2400.00
Ehya.Sanaye.Co.,20150404,1874.00,2150.00,1790.00,2037.00,392032770,192472,31,D,1665.00,2100.00
Ehya.Sanaye.Co.,20150331,1600.00,1788.00,1600.00,1665.00,3363600,2020,2,D,1800.00,1788.00
Ehya.Sanaye.Co.,20150328,1800.00,1800.00,1800.00,1800.00,5400000,3000,1,D,1682.00,1800.00
Ehya.Sanaye.Co.,20150325,1800.00,1800.00,1600.00,1682.00,4123200,2452,2,D,1600.00,1600.00
Ehya.Sanaye.Co.,20150318,1600.00,1600.00,1600.00,1600.00,3168000,1980,1,D,1600.00,1600.00
Ehya.Sanaye.Co.,20150317,1600.00,1600.00,1600.00,1600.00,3379200,2112,1,D,1750.00,1600.00
Ehya.Sanaye.Co.,20150315,1750.00,1750.00,1750.00,1750.00,26250000,15000,1,D,1728.00,1750.00
Ehya.Sanaye.Co.,20150314,1578.00,1750.00,1578.00,1728.00,48706628,28190,11,D,1578.00,1750.00
Ehya.Sanaye.Co.,20150311,1578.00,1578.00,1578.00,1578.00,2291256,1452,1,D,1723.00,1578.00
Ehya.Sanaye.Co.,20150310,1625.00,1750.00,1570.00,1723.00,14756560,8563,5,D,1750.00,1750.00
Ehya.Sanaye.Co.,20150309,1750.00,1750.00,1750.00,1750.00,8750000,5000,1,D,1733.00,1750.00
Ehya.Sanaye.Co.,20150308,1625.00,1750.00,1625.00,1733.00,23454400,13537,4,D,1712.00,1700.00
Ehya.Sanaye.Co.,20150304,1551.00,1750.00,1551.00,1712.00,68196093,39823,5,D,1551.00,1666.00
Ehya.Sanaye.Co.,20150303,1551.00,1551.00,1551.00,1551.00,4094640,2640,3,D,1550.00,1551.00
Ehya.Sanaye.Co.,20150302,1550.00,1550.00,1550.00,1550.00,2898500,1870,2,D,1517.00,1550.00
Ehya.Sanaye.Co.,20150301,1515.00,1625.00,1515.00,1517.00,6145650,4050,2,D,1515.00,1625.00
Ehya.Sanaye.Co.,20150228,1515.00,1515.00,1515.00,1515.00,5260080,3472,4,D,1540.00,1515.00
Ehya.Sanaye.Co.,20150225,1530.00,1700.00,1515.00,1540.00,47012824,30518,16,D,1576.00,1515.00
Ehya.Sanaye.Co.,20150224,1575.00,1577.00,1575.00,1576.00,9153408,5808,2,D,1575.00,1577.00
Ehya.Sanaye.Co.,20150223,1551.00,1600.00,1551.00,1575.00,11059499,7021,5,D,1534.00,1575.00
Ehya.Sanaye.Co.,20150222,1531.00,1535.00,1531.00,1534.00,17014914,11094,4,D,1600.00,1531.00
Ehya.Sanaye.Co.,20150221,1600.00,1600.00,1600.00,1600.00,3484800,2178,1,D,1511.00,1600.00
Ehya.Sanaye.Co.,20150218,1511.00,1511.00,1511.00,1511.00,9972600,6600,1,D,1502.00,1511.00
Ehya.Sanaye.Co.,20150217,1502.00,1502.00,1502.00,1502.00,726968,484,1,D,1572.00,1502.00
Ehya.Sanaye.Co.,20150216,1463.00,1600.00,1463.00,1572.00,7936709,5049,4,D,1460.00,1500.00
Ehya.Sanaye.Co.,20150215,1460.00,1460.00,1460.00,1460.00,23126400,15840,1,D,1510.00,1460.00
Ehya.Sanaye.Co.,20150214,1560.00,1560.00,1450.00,1510.00,11394847,7547,5,D,1543.00,1455.00
Ehya.Sanaye.Co.,20150210,1560.00,1560.00,1541.00,1543.00,24775681,16057,11,D,1600.00,1541.00
Ehya.Sanaye.Co.,20150209,1600.00,1600.00,1600.00,1600.00,2112000,1320,1,D,1650.00,1600.00
Ehya.Sanaye.Co.,20150208,1650.00,1650.00,1650.00,1650.00,1524600,924,1,D,1562.00,1650.00
Ehya.Sanaye.Co.,20150207,1551.00,1850.00,1550.00,1562.00,12216650,7821,7,D,1566.00,1601.00
Ehya.Sanaye.Co.,20150204,1590.00,1590.00,1550.00,1566.00,12143250,7755,5,D,1640.00,1550.00
Ehya.Sanaye.Co.,20150203,1540.00,1850.00,1510.00,1640.00,34994498,21338,10,D,1530.00,1590.00
Ehya.Sanaye.Co.,20150202,1530.00,1530.00,1530.00,1530.00,2221560,1452,1,D,1545.00,1530.00
Ehya.Sanaye.Co.,20150201,1550.00,1550.00,1510.00,1545.00,36295180,23498,5,D,1550.00,1520.00
Ehya.Sanaye.Co.,20150131,1550.00,1550.00,1550.00,1550.00,1125300,726,1,D,1534.00,1550.00
Ehya.Sanaye.Co.,20150128,1538.00,1538.00,1500.00,1534.00,17360000,11320,2,D,1415.00,1500.00
Ehya.Sanaye.Co.,20150127,1415.00,1415.00,1410.00,1415.00,33661720,23792,2,D,1527.00,1410.00
Ehya.Sanaye.Co.,20150126,1550.00,1555.00,1500.00,1527.00,163385000,107000,3,D,1750.00,1555.00
Ehya.Sanaye.Co.,20150125,1750.00,1750.00,1750.00,1750.00,8750000,5000,1,D,1600.00,1750.00
Ehya.Sanaye.Co.,20150124,1600.00,1600.00,1600.00,1600.00,14070400,8794,1,D,1616.00,1600.00
Ehya.Sanaye.Co.,20150121,1650.00,1650.00,1600.00,1616.00,6127500,3792,3,D,1765.00,1600.00
Ehya.Sanaye.Co.,20150120,1770.00,1770.00,1740.00,1765.00,56773820,32166,5,D,1770.00,1740.00
Ehya.Sanaye.Co.,20150118,1770.00,1770.00,1770.00,1770.00,4205520,2376,2,D,1770.00,1770.00
Ehya.Sanaye.Co.,20150117,1770.00,1770.00,1770.00,1770.00,6541920,3696,2,D,1775.00,1770.00
Ehya.Sanaye.Co.,20150114,1770.00,1777.00,1770.00,1775.00,6085550,3428,3,D,1777.00,1777.00
Ehya.Sanaye.Co.,20150112,1777.00,1777.00,1777.00,1777.00,1290102,726,1,D,1837.00,1777.00
Ehya.Sanaye.Co.,20150111,1850.00,1988.00,1770.00,1837.00,33526010,18247,3,D,1850.00,1988.00
Ehya.Sanaye.Co.,20150110,1851.00,1851.00,1850.00,1850.00,61634698,33315,4,D,1851.00,1850.00
Ehya.Sanaye.Co.,20150107,1851.00,1851.00,1850.00,1851.00,21009252,11352,4,D,1925.00,1851.00
Ehya.Sanaye.Co.,20150106,1925.00,1925.00,1925.00,1925.00,67914000,35280,1,D,1973.00,1925.00
Ehya.Sanaye.Co.,20150105,1924.00,2000.00,1924.00,1973.00,1412696,716,3,D,1923.00,2000.00
Ehya.Sanaye.Co.,20150104,1922.00,1930.00,1921.00,1923.00,39765622,20682,10,D,1968.00,1921.00
Ehya.Sanaye.Co.,20150103,1916.00,2000.00,1916.00,1968.00,26978948,13708,6,D,1930.00,1916.00
Ehya.Sanaye.Co.,20141231,1930.00,1930.00,1916.00,1930.00,33114110,17160,3,D,1930.00,1916.00
Ehya.Sanaye.Co.,20141230,1930.00,1933.00,1930.00,1930.00,4777443,2475,2,D,1981.00,1933.00
Ehya.Sanaye.Co.,20141229,1925.00,2048.00,1920.00,1981.00,80191765,40478,11,D,1950.00,2048.00
Ehya.Sanaye.Co.,20141228,1950.00,1950.00,1950.00,1950.00,1815450,931,1,D,2087.00,1950.00
Ehya.Sanaye.Co.,20141227,2070.00,2100.00,1915.00,2087.00,19667540,9425,7,D,2007.00,1915.00
Ehya.Sanaye.Co.,20141222,1900.00,2050.00,1900.00,2007.00,26539480,13222,4,D,2038.00,2050.00
Ehya.Sanaye.Co.,20141220,2000.00,2090.00,2000.00,2038.00,30877704,15153,7,D,1777.00,2050.00
Ehya.Sanaye.Co.,20141217,1800.00,1850.00,1757.00,1777.00,188084340,105832,8,D,1976.00,1757.00
Ehya.Sanaye.Co.,20141215,1800.00,2000.00,1800.00,1976.00,3260400,1650,4,D,2000.00,2000.00
Ehya.Sanaye.Co.,20141214,2000.00,2000.00,2000.00,2000.00,2904000,1452,1,D,1965.00,2000.00
Ehya.Sanaye.Co.,20141210,1776.00,2000.00,1776.00,1965.00,36745874,18700,4,D,1965.00,2000.00
Ehya.Sanaye.Co.,20141209,2000.00,2000.00,1900.00,1965.00,9997200,5088,3,D,1999.00,2000.00
Ehya.Sanaye.Co.,20141208,1999.00,2000.00,1999.00,1999.00,81763506,40892,4,D,1974.00,2000.00
Ehya.Sanaye.Co.,20141207,1900.00,2000.00,1900.00,1974.00,12105600,6132,4,D,1761.00,2000.00
Ehya.Sanaye.Co.,20141202,1761.00,1763.00,1756.00,1761.00,32404116,18400,5,D,1767.00,1756.00
Ehya.Sanaye.Co.,20141201,1762.00,2000.00,1760.00,1767.00,22107368,12511,8,D,1864.00,2000.00
Ehya.Sanaye.Co.,20141129,1850.00,2000.00,1850.00,1864.00,14883000,7986,2,D,1818.00,2000.00
Ehya.Sanaye.Co.,20141126,2112.00,2112.00,1736.00,1818.00,14040919,7724,8,D,2115.00,1738.00
Ehya.Sanaye.Co.,20141125,2112.00,2130.00,2112.00,2115.00,31833048,15049,7,D,2000.00,2112.00
Ehya.Sanaye.Co.,20141124,2000.00,2000.00,2000.00,2000.00,2904000,1452,1,D,2120.00,2000.00
Ehya.Sanaye.Co.,20141123,2000.00,2300.00,2000.00,2120.00,101137306,47699,8,D,2000.00,2101.00
Ehya.Sanaye.Co.,20141122,2000.00,2005.00,2000.00,2000.00,60394500,30191,7,D,1906.00,2000.00
Ehya.Sanaye.Co.,20141119,1700.00,2000.00,1700.00,1906.00,26365200,13836,5,D,1716.00,2000.00
Ehya.Sanaye.Co.,20141118,1720.00,1795.00,1667.00,1716.00,31509220,18360,6,D,1662.00,1667.00
Ehya.Sanaye.Co.,20141117,1700.00,1700.00,1603.00,1662.00,18861438,11346,9,D,1600.00,1700.00
Ehya.Sanaye.Co.,20141116,1600.00,1600.00,1600.00,1600.00,9462400,5914,3,D,1596.00,1600.00
Ehya.Sanaye.Co.,20141115,1596.00,1596.00,1596.00,1596.00,9058896,5676,2,D,1608.00,1596.00
Ehya.Sanaye.Co.,20141112,1596.00,1650.00,1596.00,1608.00,11323920,7042,6,D,1597.00,1650.00
Ehya.Sanaye.Co.,20141111,1596.00,1600.00,1596.00,1597.00,5585680,3498,4,D,1596.00,1596.00
Ehya.Sanaye.Co.,20141110,1596.00,1596.00,1596.00,1596.00,19790400,12400,1,D,1592.00,1596.00
Ehya.Sanaye.Co.,20141109,1591.00,1595.00,1591.00,1592.00,10822746,6798,3,D,1655.00,1595.00
Ehya.Sanaye.Co.,20141101,1590.00,1751.00,1500.00,1655.00,125106190,75597,10,D,1405.00,1750.00
Ehya.Sanaye.Co.,20141029,1406.00,1410.00,1400.00,1405.00,16190310,11526,5,D,1459.00,1406.00
Ehya.Sanaye.Co.,20141028,1470.00,1470.00,1410.00,1459.00,11944770,8185,6,D,1405.00,1410.00
Ehya.Sanaye.Co.,20141022,1405.00,1406.00,1405.00,1405.00,3260260,2320,3,D,1405.00,1405.00
Ehya.Sanaye.Co.,20141021,1405.00,1405.00,1405.00,1405.00,1804020,1284,2,D,1386.00,1405.00
Ehya.Sanaye.Co.,20141019,1386.00,1386.00,1386.00,1386.00,2012472,1452,1,D,1386.00,1386.00
Ehya.Sanaye.Co.,20141018,1386.00,1386.00,1386.00,1386.00,3384612,2442,1,D,1391.00,1386.00
Ehya.Sanaye.Co.,20141012,1400.00,1400.00,1380.00,1391.00,10742160,7722,5,D,1391.00,1400.00
Ehya.Sanaye.Co.,20141011,1302.00,1450.00,1302.00,1391.00,3672240,2640,3,D,1370.00,1450.00
Ehya.Sanaye.Co.,20141008,1400.00,1400.00,1362.00,1370.00,4612080,3366,2,D,1361.00,1362.00
Ehya.Sanaye.Co.,20141007,1360.00,1362.00,1360.00,1361.00,7188456,5280,3,D,1367.00,1362.00
Ehya.Sanaye.Co.,20141006,1325.00,1500.00,1325.00,1367.00,4257000,3113,4,D,1322.00,1500.00
Ehya.Sanaye.Co.,20141004,1322.00,1322.00,1322.00,1322.00,6631152,5016,4,D,1500.00,1322.00
Ehya.Sanaye.Co.,20141001,1500.00,1500.00,1500.00,1500.00,1089000,726,2,D,1319.00,1500.00
Ehya.Sanaye.Co.,20140929,1310.00,1322.00,1310.00,1319.00,43756152,33168,4,D,1310.00,1322.00
Ehya.Sanaye.Co.,20140928,1310.00,1310.00,1310.00,1310.00,2973700,2270,2,D,1310.00,1310.00
Ehya.Sanaye.Co.,20140927,1310.00,1310.00,1310.00,1310.00,1685970,1287,2,D,1316.00,1310.00
Ehya.Sanaye.Co.,20140923,1320.00,1320.00,1292.00,1316.00,18292296,13904,4,D,1290.00,1320.00
Ehya.Sanaye.Co.,20140922,1290.00,1290.00,1290.00,1290.00,1873080,1452,1,D,1290.00,1290.00
Ehya.Sanaye.Co.,20140921,1290.00,1290.00,1290.00,1290.00,1651200,1280,1,D,1345.00,1290.00
Ehya.Sanaye.Co.,20140920,1343.00,1348.00,1343.00,1345.00,5770182,4290,4,D,1338.00,1348.00
Ehya.Sanaye.Co.,20140917,1337.00,1340.00,1337.00,1338.00,32562692,24328,3,D,1336.00,1340.00
Ehya.Sanaye.Co.,20140916,1334.00,1336.00,1334.00,1336.00,142404400,106600,3,D,1286.00,1336.00
Ehya.Sanaye.Co.,20140915,1328.00,1328.00,1273.00,1286.00,7298148,5676,2,D,1358.00,1273.00
Ehya.Sanaye.Co.,20140914,1321.00,1390.00,1320.00,1358.00,10449412,7696,5,D,1400.00,1380.00
Ehya.Sanaye.Co.,20140913,1400.00,1400.00,1400.00,1400.00,8981000,6415,1,D,1279.00,1400.00
Ehya.Sanaye.Co.,20140910,1278.00,1280.00,1278.00,1279.00,4428772,3464,3,D,1340.00,1280.00
Ehya.Sanaye.Co.,20140909,1258.00,1400.00,1258.00,1340.00,2191828,1636,3,D,1271.00,1400.00
Ehya.Sanaye.Co.,20140908,1400.00,1400.00,1253.00,1271.00,2878540,2264,2,D,1298.00,1253.00
Ehya.Sanaye.Co.,20140907,1400.00,1400.00,1253.00,1298.00,6167700,4752,2,D,1251.00,1253.00
Ehya.Sanaye.Co.,20140903,1251.00,1252.00,1251.00,1251.00,3022128,2415,2,D,1226.00,1252.00
Ehya.Sanaye.Co.,20140831,1226.00,1226.00,1226.00,1226.00,4904000,4000,1,D,1226.00,1226.00
Ehya.Sanaye.Co.,20140830,1226.00,1226.00,1226.00,1226.00,2427480,1980,3,D,1224.00,1226.00
Ehya.Sanaye.Co.,20140827,1224.00,1226.00,1224.00,1224.00,3596180,2938,2,D,1232.00,1226.00
Ehya.Sanaye.Co.,20140825,1213.00,1460.00,1213.00,1232.00,16762298,13606,4,D,1219.00,1460.00
Ehya.Sanaye.Co.,20140824,1215.00,1221.00,1215.00,1219.00,2392863,1963,2,D,1206.00,1221.00
Ehya.Sanaye.Co.,20140823,1202.00,1220.00,1202.00,1206.00,15287607,12677,3,D,1200.00,1207.00
Ehya.Sanaye.Co.,20140819,1200.00,1200.00,1200.00,1200.00,1752000,1460,4,D,1201.00,1200.00
Ehya.Sanaye.Co.,20140818,1202.00,1202.00,1200.00,1201.00,44860901,37361,5,D,1216.00,1202.00
Ehya.Sanaye.Co.,20140812,1200.00,1250.00,1200.00,1216.00,16137000,13266,3,D,1180.00,1250.00
Ehya.Sanaye.Co.,20140811,1180.00,1180.00,1180.00,1180.00,5841000,4950,1,D,1300.00,1180.00
Ehya.Sanaye.Co.,20140810,1300.00,1300.00,1300.00,1300.00,27266200,20974,1,D,1180.00,1300.00
Ehya.Sanaye.Co.,20140806,1180.00,1180.00,1180.00,1180.00,389400,330,1,D,1279.00,1180.00
Ehya.Sanaye.Co.,20140805,1101.00,1300.00,1101.00,1279.00,16841992,13168,4,D,1101.00,1150.00
Ehya.Sanaye.Co.,20140803,1100.00,1101.00,1081.00,1101.00,12219084,11102,3,D,1280.00,1081.00
Ehya.Sanaye.Co.,20140728,1280.00,1280.00,1280.00,1280.00,7349760,5742,3,D,1237.00,1280.00
Ehya.Sanaye.Co.,20140727,1045.00,1255.00,1045.00,1237.00,68244200,55171,8,D,1059.00,1255.00
Ehya.Sanaye.Co.,20140723,1240.00,1240.00,1045.00,1059.00,2941745,2777,4,D,1240.00,1045.00
Ehya.Sanaye.Co.,20140715,1240.00,1240.00,1240.00,1240.00,579080,467,1,D,1266.00,1240.00
Ehya.Sanaye.Co.,20140714,1271.00,1271.00,1255.00,1266.00,20779090,16408,3,D,1269.00,1270.00
Ehya.Sanaye.Co.,20140713,1270.00,1290.00,1255.00,1269.00,4439050,3498,3,D,1355.00,1255.00
Ehya.Sanaye.Co.,20140712,1360.00,1360.00,1350.00,1355.00,21181747,15635,6,D,1352.00,1350.00
Ehya.Sanaye.Co.,20140706,1352.00,1352.00,1352.00,1352.00,3390816,2508,2,D,1352.00,1352.00
Ehya.Sanaye.Co.,20140705,1352.00,1352.00,1352.00,1352.00,4461600,3300,1,D,1750.00,1352.00
Ehya.Sanaye.Co.,20140630,1750.00,1750.00,1750.00,1750.00,42959000,24548,2,D,1352.00,1750.00
Ehya.Sanaye.Co.,20140629,1352.00,1352.00,1352.00,1352.00,17981600,13300,2,D,1488.00,1352.00
Ehya.Sanaye.Co.,20140625,1488.00,1488.00,1488.00,1488.00,19641600,13200,1,D,1488.00,1488.00
Ehya.Sanaye.Co.,20140623,1488.00,1488.00,1488.00,1488.00,4664880,3135,2,D,1488.00,1488.00
Ehya.Sanaye.Co.,20140622,1488.00,1488.00,1488.00,1488.00,2160576,1452,1,D,1488.00,1488.00
Ehya.Sanaye.Co.,20140621,1488.00,1488.00,1488.00,1488.00,1276704,858,1,D,1488.00,1488.00
Ehya.Sanaye.Co.,20140617,1488.00,1488.00,1488.00,1488.00,2258784,1518,2,D,1488.00,1488.00
Ehya.Sanaye.Co.,20140616,1488.00,1488.00,1488.00,1488.00,3584592,2409,2,D,1488.00,1488.00
Ehya.Sanaye.Co.,20140615,1488.00,1488.00,1488.00,1488.00,6380544,4288,3,D,1488.00,1488.00
Ehya.Sanaye.Co.,20140614,1488.00,1488.00,1488.00,1488.00,19162464,12878,6,D,1671.00,1488.00
Ehya.Sanaye.Co.,20140611,1751.00,1751.00,1488.00,1671.00,18042900,10800,3,D,1756.00,1488.00
Ehya.Sanaye.Co.,20140610,2000.00,2000.00,1740.00,1756.00,15806160,9000,4,D,2279.00,1740.00
Ehya.Sanaye.Co.,20140526,2030.00,2500.00,1999.00,2363.00,125342604,53054,19,D,2036.00,2500.00
Ehya.Sanaye.Co.,20140525,2510.00,2510.00,2001.00,2036.00,2688148,1320,2,D,2494.00,2001.00
Ehya.Sanaye.Co.,20140524,2510.00,2550.00,2100.00,2494.00,201665710,80875,15,D,2315.00,2100.00
Ehya.Sanaye.Co.,20140512,2000.00,2399.00,1800.00,2315.00,158806062,68611,9,D,1963.00,2399.00
Ehya.Sanaye.Co.,20140510,2000.00,2000.00,1450.00,1963.00,113185725,57664,8,D,1490.00,1450.00
Ehya.Sanaye.Co.,20140507,1500.00,1500.00,1331.00,1490.00,129543940,86946,12,D,1470.00,1331.00
Ehya.Sanaye.Co.,20140506,1390.00,1498.00,1390.00,1470.00,32170224,21891,4,D,1331.00,1498.00
Ehya.Sanaye.Co.,20140505,1331.00,1331.00,1331.00,1331.00,527076,396,1,D,1243.00,1331.00
Ehya.Sanaye.Co.,20140504,1243.00,1243.00,1243.00,1243.00,5250432,4224,2,D,1241.00,1243.00
Ehya.Sanaye.Co.,20140430,1241.00,1241.00,1241.00,1241.00,1087116,876,1,D,1249.00,1241.00
Ehya.Sanaye.Co.,20140429,1301.00,1301.00,1241.00,1249.00,6570983,5263,4,D,1239.00,1241.00
Ehya.Sanaye.Co.,20140426,1239.00,1239.00,1239.00,1239.00,981288,792,1,D,1240.00,1239.00
Ehya.Sanaye.Co.,20140421,1240.00,1240.00,1240.00,1240.00,5250160,4234,2,D,1240.00,1240.00
Ehya.Sanaye.Co.,20140420,1240.00,1240.00,1240.00,1240.00,19832560,15994,6,D,1240.00,1240.00
Ehya.Sanaye.Co.,20140419,1240.00,1240.00,1240.00,1240.00,1582240,1276,2,D,1240.00,1240.00
Ehya.Sanaye.Co.,20140416,1240.00,1240.00,1240.00,1240.00,5237760,4224,1,D,1240.00,1240.00
Ehya.Sanaye.Co.,20140414,1240.00,1240.00,1240.00,1240.00,1101120,888,2,D,1240.00,1240.00
Ehya.Sanaye.Co.,20140413,1240.00,1240.00,1240.00,1240.00,1299520,1048,1,D,1250.00,1240.00
Ehya.Sanaye.Co.,20140412,1251.00,1251.00,1240.00,1250.00,70882321,56689,6,D,1265.00,1240.00
Ehya.Sanaye.Co.,20140409,1291.00,1291.00,1251.00,1265.00,2003916,1584,3,D,1300.00,1251.00
Ehya.Sanaye.Co.,20140408,1300.00,1301.00,1300.00,1300.00,29338409,22568,5,D,1300.00,1300.00
Ehya.Sanaye.Co.,20140406,1300.00,1300.00,1300.00,1300.00,14248000,10960,6,D,1301.00,1300.00
Ehya.Sanaye.Co.,20140405,1301.00,1301.00,1301.00,1301.00,2335295,1795,1,D,1300.00,1301.00
Ehya.Sanaye.Co.,20140330,1300.00,1300.00,1300.00,1300.00,21450000,16500,2,D,1284.00,1300.00
Ehya.Sanaye.Co.,20140318,1292.00,1292.00,1272.00,1284.00,12063128,9394,5,D,1292.00,1272.00
Ehya.Sanaye.Co.,20140311,1292.00,1292.00,1292.00,1292.00,8540120,6610,1,D,1293.00,1292.00
Ehya.Sanaye.Co.,20140310,1293.00,1293.00,1293.00,1293.00,10240560,7920,1,D,1292.00,1293.00
Ehya.Sanaye.Co.,20140309,1292.00,1292.00,1292.00,1292.00,6992304,5412,4,D,1292.00,1292.00
Ehya.Sanaye.Co.,20140305,1292.00,1292.00,1292.00,1292.00,5969040,4620,2,D,1292.00,1292.00
Ehya.Sanaye.Co.,20140304,1292.00,1292.00,1292.00,1292.00,1193808,924,1,D,1282.00,1292.00
Ehya.Sanaye.Co.,20140302,1291.00,1331.00,1272.00,1282.00,22186920,17300,14,D,1331.00,1292.00
Ehya.Sanaye.Co.,20140223,1350.00,1350.00,1300.00,1331.00,15378000,11550,3,D,1277.00,1300.00
Ehya.Sanaye.Co.,20140218,1280.00,1500.00,1251.00,1277.00,36000490,28183,12,D,1273.00,1291.00
Ehya.Sanaye.Co.,20140208,1282.00,1282.00,1271.00,1273.00,5378868,4224,4,D,1271.00,1271.00
Ehya.Sanaye.Co.,20140203,1271.00,1271.00,1271.00,1271.00,2684352,2112,2,D,1280.00,1271.00
Ehya.Sanaye.Co.,20140202,1280.00,1280.00,1280.00,1280.00,7040000,5500,1,D,1500.00,1280.00
Ehya.Sanaye.Co.,20140201,1500.00,1500.00,1500.00,1500.00,5196000,3464,1,D,1255.00,1500.00
Ehya.Sanaye.Co.,20140129,1250.00,1271.00,1250.00,1255.00,9121865,7267,3,D,1258.00,1271.00
Ehya.Sanaye.Co.,20140121,1260.00,1500.00,1250.00,1258.00,41268786,32796,10,D,1271.00,1500.00
Ehya.Sanaye.Co.,20140113,1250.00,1650.00,1250.00,1271.00,50608000,39804,23,D,1300.00,1500.00
Ehya.Sanaye.Co.,20140105,1300.00,1300.00,1300.00,1300.00,3125200,2404,1,D,1278.00,1300.00
Ehya.Sanaye.Co.,20140104,1330.00,1330.00,1250.00,1278.00,2877670,2251,2,D,1252.00,1250.00
Ehya.Sanaye.Co.,20131230,1250.00,1300.00,1250.00,1252.00,18797308,15014,7,D,1250.00,1252.00
Ehya.Sanaye.Co.,20131225,1250.00,1250.00,1250.00,1250.00,7425000,5940,4,D,1250.00,1250.00
Ehya.Sanaye.Co.,20131211,1250.00,1250.00,1250.00,1250.00,11820000,9456,3,D,1250.00,1250.00
Ehya.Sanaye.Co.,20131130,1250.00,1250.00,1250.00,1250.00,56575000,45260,18,D,1250.00,1250.00
Ehya.Sanaye.Co.,20131112,1250.00,1250.00,1250.00,1250.00,825000,660,1,D,1250.00,1250.00
Ehya.Sanaye.Co.,20131111,1250.00,1250.00,1250.00,1250.00,68135000,54508,17,D,1250.00,1250.00
Ehya.Sanaye.Co.,20131020,1250.00,1250.00,1250.00,1250.00,2820810000,2256648,25,D,1000.00,1250.00
